Atoms: O(1) H(2) H(3) H*(4)
28     1
1: Morse (O-H)
0      1       2
1      2       0       0
1.2    2.0
2: Morse (O-H*)
0      1       2
1      4       0       0
1.2    2.0
3: Morse (H-H*)
0      1       2
2      4       0       0
1.0    2.0
4: Morse (H-H)
0      1       2
2      3       0       0
1.0    2.0
5: Yukawa (O-H)
0      3       1
1      2       0       0
1.0    2.0
6: Yukawa (O-H*)
0      3       1
1      4       0       0
1.0    2.0
7: Yukawa (H-H*)
0      3       1
2      4       0       0
1.0    2.0
8: Yukawa (H-H)
0      3       1
2      3       0       0
1.0    2.0
9: Angle (H-O-H)
1      2       0
2      3       1       0
0.2    3.0
10: Angle (H-O-H*)
1      2       0
2      4       1       0
0.2    3.0
11: Umbrella (O,H,H,H*)
-2    -1       0
1      2       3       4
0.2    2.5
12: 4DotProd (O,H,H,H*)
-3    -2       0
1      2       3       4
0.2    3.0
13: 4DotProd (O,H*,H,H)
-3    -2       0
1      4       3       2
0.2    3.0
14: Tetrahedron (O,H,H,H*)
-1     2       0
1      2       3       4
0.1    3.0
15: Umbrella (H*,H,H,O)
-2    -2       0
4      2       3       1
0.1    3.0
16: Umbrella (H,H,H*,O)
-2    -2       0
2      3       4       1
0.1    3.0
17: Angle (H, H*, H)
1      2       0
2      3       4       0
0.1    3.0
18: Angle (H*, H, H)
1      2       0
2      4       3       0
0.1    3.0
19: Tanh (O-H*)
0      7       2
1      4       0       0
0.4    2.3
20: Tanh (O-H)
0      7       2
1      2       0       0
0.4    2.3
21: Tanh (H-H*)
0      7       2
2      4       0       0
0.2    3.2
22: Tanh (H-H)
0      7       2
2      3       0       0
0.2    3.2
23: Tanh 2 (O-H*)
0      7       2
1      4       0       0
0.2    5.7
24: Tanh 2 (O-H)
0      7       2
1      2       0       0
0.2    5.7
25: Tanh (H-H)
0      7       2
2      3       0       0
1.7    4.8
26: Tanh (H-H*)
0      7       2
2      4       0       0
1.7    4.8
27: Gauss (O-H)
0      2       1
1      3       0       0
0.8    4.1
28: Gauss (O-H*)
0      2       1
1      4       0       0
0.8    4.1
1  1  1  1  1  1  1  1  1  1  0  0  0  0  0  0  1  1  0  0  0  0  0  0  0  0  0  0  2
