SURFGEN.GLOBAL Hd COEFFICIENTS FILE V:2.8.8
high order tester                                                                                                                                                                                                                                              
ORDER
    4
COEFFICIENTS
ORDER     0 BLOCK     1
 -5.2688520727406241E-01
ORDER     0 BLOCK     3
  2.9867456355323321E+00
ORDER     1 BLOCK     1
 -2.1867383027582741E+00  4.8420401023650008E+00  1.5400817669802896E-01  8.0722133342697577E-01  2.2466989253651608E+00  2.9553086808840390E-01
  9.6935669103243038E-01
ORDER     1 BLOCK     2
  1.9394976741357233E+00
ORDER     1 BLOCK     3
  4.2765851121606104E+00 -5.0279513207513364E+00  5.0126169273274779E-01 -1.8228836244215154E+00  2.3134016331438891E+00 -6.1978726701224849E+00
 -2.2774171813695423E+00
ORDER     2 BLOCK     1
  3.1783764518322730E+00 -1.3520236345467274E+00 -2.6180872726177468E-01 -2.0951483713907537E+00  1.0308489019070586E+00  2.0203191352963037E+00
 -5.4335506782507572E+00  4.5386424058424885E-01  2.0397812815330210E+00  2.4248848732251505E-01  9.4703571293439204E-01  7.4397593837183607E-01
 -2.2968871733055556E-02  5.4690375852670225E-01  3.1399339793388942E-01  1.1719187181039725E-01 -9.8540045192642201E-02 -8.1025102596405130E-01
  3.2452166937291249E+00  1.3282269742710324E+00 -4.7115769752685415E+00 -8.2705381924313620E-02 -9.3681651686363554E-01 -1.6156890947211247E-01
  1.4306410824361948E-01 -2.8576328477733953E-01  3.6518507448567457E+00 -3.6678829066645076E+00 -1.0105418011121047E+01  1.1815705076676657E+00
 -3.3030384012295727E-01  8.1403014780138117E-02 -5.3911226402156187E-01 -1.8684049942682474E-01  1.4182639059221594E-01  4.0710248039678172E+00
  6.5808477399713023E+00  3.6017660684074397E+00  8.5199584739508616E-01  5.7358191969398122E+00 -3.4789978022777364E+00  3.5767939602825327E-01
  1.1532479664184738E+00 -2.2188174056999183E-01  6.1646733458622585E+00  4.9082301802950639E+00  4.5644092884564929E+00 -4.3724559939782521E+00
 -1.3830122683302775E+00 -7.6687906798119143E-01  3.2974082479906994E+00 -4.2645358805960090E+00 -8.3213493556982054E-01 -3.0902562434815750E-01
 -7.2882365886778475E-02 -2.5144022088384532E+00  3.6536575253650277E-01 -8.2794978966145649E-01 -2.8681362136712067E+00 -2.5502715461395327E+00
  1.2718098009927525E-01 -3.2446591101610334E-01  1.2032651499603138E+00  2.3913442745348430E+00
ORDER     2 BLOCK     2
  4.5490169682272912E+00 -6.9161724737693948E+00 -4.9366404832522010E-01 -2.8625508086391971E+00  2.7243198032474242E-01 -1.1643266619061026E+00
 -2.7408408468204271E+00
ORDER     2 BLOCK     3
 -6.0371098602449340E+00 -9.1627706157775215E+00 -3.2096385158164078E+00  1.5503994346627200E+01  1.7786093188439471E+00 -1.4101983774387469E+01
  4.9623889910088099E+00  1.7460896875273424E+00  4.8163532555143190E-01 -5.0495811875986139E+00  1.0475076263179887E-01 -1.3117216550563624E+00
 -1.5012923812353971E+00  2.3649130629237956E+00 -4.3363042505016491E-01  5.0256388417881277E-02 -9.1870268040672665E-02 -1.0414858815084231E+00
 -3.4112710717956052E+00 -1.1072431863556216E+00  1.2415537490625783E+00  3.3350334527814518E-01 -6.1844267920406903E-01  2.7859263793895161E-01
  1.9889136264023635E+00  1.6267832150314092E+00 -5.9539381587019848E+00 -3.1870284500715034E+00  2.3637155341954692E+00  2.8888702341657848E+00
  1.3683823818591045E+00 -1.2175988888666727E+00  4.0679688496553496E-01 -6.0843894875794646E-01 -2.3076089529295620E+00  1.1297808570493164E+01
 -1.8633160285570312E+00 -5.2814158897638608E+00  2.3369627716369603E+00 -3.8317651531308750E+00  6.9306341997369350E+00 -5.6393489671396102E-01
 -1.1481074015089483E+00  3.1406142807801727E+00 -9.7417270105259881E+00 -6.9688523656510695E+00 -1.1666575650506532E+00  1.9035654640222646E-01
  1.3002464277096211E+00  6.3913481729362864E+00 -4.6340905881610235E+00 -5.7141215342658738E+00 -7.3621338702815758E-02 -1.9356615031853763E+00
  1.7801312224465710E-01  6.0807230993076882E+00 -2.2264507971595724E+00 -2.6129943494138153E+00 -2.2329019902892516E-01  6.5042324869211585E+00
  1.5268037266822807E+00 -2.7854456621064838E-01 -2.3376821776456271E+00 -2.7175048523025935E-01
ORDER     3 BLOCK     1
 -8.8041097397473267E-01 -9.1951097537369915E+00  2.6805675489492349E+00 -9.9175107750286315E+00  4.3289442569431111E+00  5.0002066453161174E+00
  5.3601266548804647E+00 -1.5426619885294206E+00 -4.6426637244904301E+00 -6.7316149865999151E+00  1.4739308636717237E+00  6.1803615764835573E+00
 -4.6377285624155133E+00 -2.2392751890566834E-01 -7.7084749256975726E-01 -2.1431021824229406E+00  6.1416600600092908E-01 -4.7795028491664088E-01
  3.0969360638963175E+00 -5.2946938880318617E-01 -6.9308217877191469E-01 -2.7846138245125118E+00  1.4874827407302753E+00 -2.7916288696214400E+00
 -2.4965629279473708E-03 -2.1430555418813629E-01  3.7426252954129086E-01  1.2524821717750061E+00  2.0342348085248569E+00 -1.5970293226400893E+00
 -4.5426001435707448E+00 -3.6595463678451043E+00  4.9300548361782122E+00 -4.7692129378526744E-02  8.5268605321565361E-01 -1.9270412424997194E-01
 -8.3612955515592752E-02  2.8669548017462587E-01 -1.0848295514721502E+00  2.0827505690748116E+00 -1.4018960450307616E-01 -1.9997148653883870E-01
 -1.5354863821201137E-01 -1.5236105041085535E+00 -1.5094684621110042E+00 -7.8751693066465256E-01  3.8851041985356161E+00  7.3387133598137249E+00
  5.5596003767433588E-01  4.3966631166315623E-01 -9.7806631085852536E-01 -1.6349822519336665E-01  3.8492858205889885E-01  1.6360120989042484E-01
  1.5895059512514471E-02 -4.6329632141706911E-01 -4.8096588119092315E-01 -8.8302097776863464E-01 -2.2767242972632151E-01 -9.2863771001624384E-01
  7.7792888470791399E-01  1.1437960892740935E+00  2.0855705483610787E-01  6.8353245428298082E-01  3.7802170400738183E-01  1.3959875500718004E+00
 -4.1069995400135872E-01 -7.1827956145399421E+00 -5.7250856169205608E+00 -1.0796095541613040E+01  8.5083410231045198E-01 -7.8137442209734753E-01
 -6.3354702644960561E+00  1.6755588362651355E+00  6.4035506065390786E+00  7.3551475760901743E+00 -1.0993503036165093E+01 -6.6043224973058088E+00
  4.0973920024336428E+00  2.1525641609712758E+00  1.7744543215149573E+00  6.7308132643815464E+00 -5.3994439434524431E+00 -1.2765911886403958E+00
 -1.1244316977411823E+00 -4.4485789891295999E+00  5.2990892318046467E-01  1.7705096709058763E+00  2.5612470417972744E+00  5.2856109375953508E+00
 -1.3912538466794278E+00  9.5393296575075137E-01 -2.5747827500847258E+00 -3.8115844133979615E-02  1.8521351800503802E+00  3.0035507828012236E+00
 -1.4990530769561796E+00 -1.0312280588657812E+00 -4.6173306613423746E+00 -4.2092325804504904E-01  1.9738675652663811E+00 -6.0016235681626107E-01
 -1.8571407565797414E-02 -8.3441558936964672E-02 -1.1698549704536105E+00 -1.8822345944208827E+00  1.9718932286497153E+00 -1.6799142880130555E-01
 -2.4344270927918715E-01 -8.7763743558731502E+00 -3.9181674549930441E+00  5.1184415857352661E-01  1.8484166806211126E+00  3.2724407979517096E+00
  2.3531600305678788E+00  7.7327673838822863E-01  7.6506114183445184E-01  2.2818625786441245E+00 -5.0075407673253780E-01  8.6393318457346144E-02
 -4.7673817653520367E-01  3.3493713823354043E+00 -2.6017564259069076E-01  3.4611967881798393E+00 -5.2641840957305561E+00 -1.9897502853992612E+00
  5.6805130912976276E+00  1.1651380081142699E+00  5.5163130530996884E-01 -2.3640232356539723E-01 -2.1299902784409532E+00  1.6279164265645512E+00
 -1.1388354745913393E+01 -1.3562719833674346E+00 -2.7589133462523661E+00  1.3508033785745557E+00  5.3674113227719540E-02  2.8526589746777935E+00
 -9.3411332852642459E-01 -1.5050578821927658E+00 -2.9017514873299066E+00 -1.8099353519413242E+00 -1.0576720141246131E-01 -2.3240169542150948E+00
 -2.2016603624315415E-01 -1.6740934335162247E+00 -3.7463851484532649E+00  1.9599896221173168E+00  8.8742027149114255E-01 -8.5184839017052399E-02
 -7.2088856942627277E-01  2.3876375763349419E-01  4.2501291557375265E-01 -1.8838837715539967E+00 -2.6185614093619054E+00 -8.4971387056775871E-01
  2.9839508179206353E+00  5.0626782400681609E+00  7.7446017974910158E-02  4.4266704617704073E+00 -9.5809223154033543E+00 -4.1555024941292915E+00
 -1.4508200719169209E+00 -4.7150198306957529E+00  8.0335761246697790E-01  3.2342910925313371E+00  1.9273485320979611E-01 -8.4183666604072660E-01
  6.4060557661071043E+00  4.8458562650248238E+00  1.4170375068659633E+00 -3.8579555012296984E-01 -4.2424764699703275E+00 -3.8687465364079601E+00
  8.5463019618551017E-01  2.4757612648902505E+00 -1.0068445177112471E+00 -2.0391479521079430E+00  4.8109850665897094E+00  2.6272521816308103E+00
 -7.1496388004718083E+00  1.9792594223023241E+00  4.3610927613870754E-03  3.1474582672347777E+00  2.6537915321042087E+00  3.5770468421727557E+00
  1.1097386756030398E+00  2.7024278048234412E-01 -4.9405460626825128E+00  3.4813456003539556E+00 -3.6470019748362708E+00  2.1597802743252226E+00
 -1.4649025375012361E+00  6.0056583620731159E+00 -1.6918145976125514E+00  5.9285400688594905E+00  1.0088925760065222E+00  6.4021010356261145E+00
  4.5880505702749126E+00 -1.4266231075722540E+00 -1.2093206722348550E-01 -2.1911005362418873E-01  5.0288350671659030E+00 -2.1388257477527173E+00
 -3.9350944593527544E+00  5.2281088084290106E+00 -4.8224807988099466E-01  3.4096441172628965E-02  1.3648979202092295E+00 -2.4377265516144124E+00
 -6.1836971527957285E-01  2.0570334834490567E-01 -5.3716917140505105E-01  3.4433437829746288E-01 -2.5974499406647200E+00  1.5121468564571156E-01
 -2.8645730719460727E-01  3.3171468158704513E+00  2.9950389681265205E-02  8.1665278041623990E-02  4.1216203492091180E-02 -1.5228588512571736E-01
  2.1847452686825078E-01 -1.7998505471483062E-01  9.2796065296410946E-01  1.0391752499636369E+00  8.9487301752758197E-01 -9.1576309916649543E-02
 -1.3177392852940193E+00 -1.5919745276446431E+00  5.8618753794087097E-02 -4.2620002827624764E-01  4.6409169322113364E+00  1.0595173680891601E+00
  8.6816684934797017E-01 -1.1295842552938256E+01 -2.3887259760019788E+00 -2.5819416191298799E+00  5.2571209809697717E-01  3.4716871069490063E-01
 -2.3492420542741729E-01 -8.8767287118247606E-02  7.6240203574751706E-03  4.2340147518434507E-01  1.7515468360183977E+00 -8.7073883534772778E-01
  2.4960234569833945E-02  2.9913382118187952E+00  4.0160621168233863E+00 -8.8038440461319023E-01 -5.2407579150573422E+00 -9.6741814896942575E+00
 -4.4462515579389876E+00 -1.1347563607475114E-01 -3.6856314921564028E-02  1.0889011418510970E+00 -9.2137070430561330E-01 -8.7714985741068022E-02
 -9.4672148348745863E-02  2.7971641466907315E+00 -3.8497892274520101E-01  1.6072966682145301E-01  3.6548108240631136E+00 -1.8518766405626488E+00
  1.3395546539986793E+00  4.0441724773662004E+00 -9.3396661572898731E-01  7.6638383626601581E-01 -2.1451824795039758E+00  2.9436084856452678E+00
 -2.7850669815515740E-02  5.5254934293960991E+00 -2.0024560007805552E+00 -3.8549559259489370E+00  6.9364927077770311E+00 -9.5479399970451961E-01
  1.0201252350267913E+00 -1.5331152757968503E+00 -1.5796735246796897E-01  9.6907583138465314E-01 -2.7840987038337223E-01  2.1645496108410364E-01
 -8.7080915664393799E-01  3.1874818163181913E+00 -3.3004277094414525E-01  1.2654336752241930E+00  3.5637215462655247E-01 -1.1346544428918179E+00
 -1.6115443712510904E+00 -2.9586935331927755E+00  5.9290059000146877E-01 -2.5633139767055342E+00 -1.2046872371015114E+00 -4.5511549020348152E+00
 -2.2072432895452092E+00  9.8766855391191144E-01  2.9024999183664475E+00  7.7575601982186770E-01  5.9173365139889880E+00 -9.2358879523280213E-01
 -2.3414938119524393E+00 -2.0181615534772193E+00  6.1535928206402613E-01 -1.8481909525265501E+00  5.7789939967852721E-01 -4.0056359707387985E+00
  1.4093784531711429E+00  4.5586838409924617E+00  2.0622662609888422E+00 -1.0316241136732176E+00 -3.7866300537483399E-01  8.0220250448487496E-01
 -1.1978212141628626E+00 -5.0085029619130794E-01 -5.2788240234938266E-01 -9.6319414634967537E-01 -5.4388129894402104E-01  9.3086251596779668E-01
  4.5069216870339754E-02 -1.0937360039336088E+00  3.8435197155339833E+00 -5.9481950500845926E-03  1.0137764187962295E+00 -2.9626207788964104E-01
 -1.6478098650763326E+00 -1.4597181696936070E+00 -2.0520268037432650E+00  6.9548910952854681E-01 -7.9939962688861221E-01  1.0867815658787874E-02
 -3.3183179018829845E-01 -4.1285452907600959E+00 -1.9954441903894155E-01 -5.1720085531260853E+00  6.5049933936667301E+00 -1.6441493153107078E+00
 -1.8802869320816864E+00
ORDER     3 BLOCK     2
 -2.4277376725361011E+00 -1.5218056348152706E+01 -3.3593910477648046E+00  1.3991850666578610E+01  3.0051590013067639E+00 -6.9985368524643512E+00
  7.7438212493201997E+00  7.6438048400762577E+00 -3.2457814077447318E+00 -4.7610503566172149E+00 -1.9264532485969330E+00 -5.5300731513771617E-01
  1.3127045874756677E-01 -1.6507706520513816E+00  3.8749755633010301E-02 -2.3239573615845652E-01  3.4611459562958158E-01 -3.3021098766032266E+00
  2.3442003743877331E+00  5.3342160781228189E+00  1.8442333939494713E+00 -3.1502809129908931E+00 -1.2595750877750604E+00  2.7147303505760900E-01
  2.1058338144214712E+00 -2.6970405376212092E-01 -2.9610210522275606E+00 -3.6995128356221021E+00  5.8288207968539538E+00 -1.1257144686181950E+00
 -8.1628530742609950E-01  3.4929165169912790E-01  1.5187755441375630E-01  6.5514600653412425E-01  8.3497289169675293E-01  4.2241331563199012E+00
 -9.8244312783433738E+00  5.7848217344222130E-01  1.1699361270920575E+01 -4.3874368267221637E+00  3.8041379630479613E+00 -7.5125561391815143E-01
  4.8414494852633944E-01  2.0316370882525614E-01  3.1958301715806439E+00 -6.7174311724503144E-01  9.6417736207866511E-01  2.0886112581461980E+00
 -1.6930814834159378E+00 -9.7748908650136912E-01 -5.8152773783610883E+00  2.9525995354347190E+00 -1.1204455465641467E+00 -3.2046755163647675E-02
 -2.9673608347518904E-01  5.8592488652795689E+00  1.2767365231542696E+00  1.6753360414642509E+00 -2.0328007642632909E-01  1.5233055068984167E+00
  6.8008423250040673E-01  9.5291557048388587E-01  4.1430609536390745E-01  9.8551030635540542E+00
ORDER     3 BLOCK     3
  2.3495936436772455E-01  1.3386190402741413E+01 -2.5630696648555236E+00  3.2898200615519535E+00  2.0857386209051398E+00 -8.8872738240261273E-01
 -3.3403481728493869E+00 -2.9110540859237020E+00  5.8723188910812576E+00  2.6569612074755131E+00  2.7690647583818060E+00 -6.8750575743883946E+00
 -1.8678476844374772E+00  7.6281050097055469E-01  2.6857569356231421E+00  1.6820893654005100E+00 -2.9161239906348619E+00 -1.0548567427660636E+00
 -6.0569113435647317E+00  6.8334922467970474E+00 -1.2171972121555670E+00  1.1248084585501879E+01 -7.8802187937421468E+00  8.4593214566151236E+00
 -1.8730245804360982E-01  1.6533523517033166E-01 -3.9211699563813379E-01 -2.8351076415916840E+00 -1.7341030620577869E+00  2.0907275355029777E+00
  1.1975972830006411E+01  2.0574844534467807E-01 -3.2758592616944062E+00  4.6692989678401525E-01 -1.2483054061543446E+00  2.2007560338177579E-01
 -6.0004713269351799E-02 -1.3162727992703868E-01  1.5553940982088381E+00 -2.0568441312260997E+00 -1.1172990508279013E-01 -7.0541053894025249E-02
 -3.9451962130872334E-02  2.4453459913683897E+00  4.2815986863530453E+00  4.5027647127397907E+00 -5.8368227006116484E+00 -7.7398292391341670E+00
 -2.3341492147818248E+00 -1.5722744281182970E+00  1.2599168895725623E+00 -1.1837839021261143E+00 -1.6248132478513915E+00  7.4788017680557961E-01
 -4.7679409659334604E-01  9.9370753973379231E-03 -3.2122087736440270E-02 -5.9798532161334927E+00  3.8549819165054084E+00  1.6919404054635873E+01
 -4.2167991414596102E+00 -1.0099172540472092E+00 -3.6964543309753495E-01 -1.3285026864493030E+00 -1.7896126825438787E+00 -6.2021479856342598E-01
 -2.8972957095499967E+00  1.3893779864928629E+01  2.2046374154341732E+00  1.2797973815365893E-01 -3.7535612843593888E+00 -1.7135110393850518E+01
  3.5361149319654794E+00 -6.3871788187946610E-01  1.2319261262745435E+01 -6.8755139385693442E-01 -7.9449416031513520E+00  6.3292627632364429E+00
  4.4320845626320864E+00  5.1565297898916995E+00 -2.9294034357782524E+00 -1.6267783724998967E+01  3.5642712379890731E+00 -2.5302120476691936E+00
 -9.7336809156039461E+00 -6.4821173669193000E-01 -2.9035432083435992E+00  3.2024485485322005E+00 -2.6441427153981736E+00  1.1753032244944115E+00
  3.7577195240854535E+00 -3.7945710861210818E-02 -6.5557603563022371E-01  1.0144398998239195E+00 -6.0764577317464386E-01 -2.1726475806644494E+00
  2.4657802372127824E+00 -2.2291804998060014E+00  3.7136064148894925E+00  7.4553089651442694E-01 -9.5688052958924807E-01  3.2512756777742308E-01
  2.0658493786112325E-01 -3.3912675567043127E-01 -6.7916478297536165E-01  6.4537090514667250E+00 -4.1799114699821449E-01  1.6880790310821336E-01
  1.3454962658318903E-01  1.5621088509014195E+01 -1.0110427351492273E+01  4.3048302917008252E-01 -7.7614200044474568E+00 -5.2100050748927318E-01
 -1.2696626297641296E+00 -3.2908094553444411E+00  1.4294897377669014E-01 -2.3451971856919069E+00  1.8584720340830393E-01  6.0531680128389012E-02
  3.5810712098460584E-01 -4.8694733882210661E+00  5.1148980230055834E+00 -1.2808193442931801E+00  6.6180988287606246E-01 -7.8255191959691750E+00
 -1.0074753475356251E+00  7.0775082178279121E+00 -2.1462218068093297E+00  3.8650133627459815E-01  1.2904595664629350E+00 -6.3646137797672431E-01
  1.1582596648705652E+01  1.2289357898077076E+00  4.7041690835978232E+00 -8.5225180607987461E-01 -1.7305985506110133E-01  2.6311403853441231E+00
 -1.5218716601717355E+00  6.2584613810881846E+00 -2.1916545807356629E+00  8.7997471632155584E+00  5.1695305142466292E+00 -8.3746563496208353E+00
  2.0723117511034679E+00  1.6170785382468814E-01  9.0613939314101071E+00 -2.9692796479899242E+00 -1.4581967603352335E+00  6.3933176158360172E-01
 -6.6109134564979766E-01  8.5410097440685961E-01 -4.1492023784356352E-01  1.3533906901302291E+00  1.4372601515851156E+00  2.8779840689326983E+00
  7.3051589966963419E+00 -1.6595087847235575E+00  4.9569540505754389E-01 -3.7557744319599440E-01 -1.9664773741264145E+01 -4.7012594838141322E+00
  1.7301115128732494E+00 -1.1736618280555635E+00 -3.9748663682244101E+00 -8.7174959644395944E+00  1.8760205211147012E+00 -5.2342933908530016E+00
 -1.4023101546421910E+00 -6.5121687622348035E-01  2.8096892684088415E-01  5.9905739468857788E-01 -1.8648249257629648E+00  5.1816459744305252E+00
 -8.1675720570429511E-01 -3.2981212583642940E+00  3.4025006673191260E+00  3.6606531888680460E+00 -7.8067551740212018E+00 -5.1167756471357331E+00
  6.0581366264565837E+00 -4.4055236491744925E+00  1.0802485955742560E+00 -1.3265566743361048E+00 -4.8155550437863344E+00 -5.4802719855674402E+00
  7.8411830780979042E+00 -2.2893927320025669E+00 -5.3076747571367076E+00 -3.8008867294826647E+00  1.1222024945305664E+00 -2.3445162846272805E+00
  3.8279271239764463E+00  2.3067569939239557E-01  2.0479568870137674E+00 -4.3458121954008160E+00  9.9545331847189700E-01 -7.4740666734852130E+00
 -5.9242375059448182E+00  1.8609285446737689E+00  6.3270628644419868E-01  1.8291362250974252E+00 -3.0458875023213927E-01  2.5662125197412062E+00
 -2.8012100506036384E+00 -3.1957187174571424E+00  2.6001685777638023E-01 -5.0755491545044371E-02 -2.5172132210656599E+00  7.1133115085837542E+00
  3.3240392889956166E-01 -1.5040584779400407E-01 -1.6092670696591489E+00  1.2203069048533464E+00 -2.1003036890168270E-01  5.8288379232797265E+00
 -4.8119732159635813E+00  3.0457756081552581E+00  4.2548034985615768E-01 -5.9129860206868383E-02 -3.4688508876752330E-02  2.4088824115555083E-01
 -2.8497543690184590E-01  2.4438588346659348E-01 -3.6538126356138054E+00 -4.2291346179069800E+00 -1.0492806890737614E+00  5.8188068020287655E+00
 -1.3452770860161126E-01  2.0796106701225194E+00 -7.7708233594843401E-01  7.7529228800118521E-01 -2.0642194634262183E+00 -3.5980390853632640E+00
 -2.7764675674694925E+00  6.8273653718348015E+00  3.3702532766359936E+00  6.2139817496222127E+00 -3.6150772887976201E-01  8.7908071910357966E-01
 -5.3396509201657860E-01 -4.1169466211512867E-01  3.2669450009869316E-01 -4.6798584560811590E-01 -2.9032960338174202E-01  1.7168178093553979E+00
  1.9611899118242593E-01 -2.5149461621585495E-01  8.8561677206688483E+00  4.0702640176114835E-01  7.6042441331132204E-01 -2.6065550832793885E+00
 -8.7132394672518672E+00 -6.4376496151318019E-01  2.3531427248478693E+00 -7.1489905902360706E-01  1.7324655008568142E+00 -2.6595212526547651E-01
 -5.0780548895295063E-01  4.2882301362142652E+00 -1.7644795573092726E+00  3.5747649975637179E+00 -3.6502345610924186E-01 -1.5555876204708308E+00
  6.4739888535309942E-01 -6.2309390087023138E+00  2.2171029307680605E+00 -1.2346214813148759E+00  2.0943728367731200E+00  2.5263155514878939E+00
  2.2224141390943047E-01  4.3085484968350478E+00 -9.7292000919906414E+00  1.3935770874505877E+00 -7.5869914543819998E+00  2.0515992660486218E+00
 -4.6820954804405099E+00 -1.7642230574390056E+00 -3.8245366326877397E+00 -1.7975905606532105E+00  1.0027105957884377E+00 -9.2042410409869246E-01
  1.9856411746063485E+00 -1.2115520211242730E+01  2.2960874156780551E+00  1.4921846281152829E-01 -2.4938402423495725E+00  3.4814002458696098E+00
  5.8232427811331200E-01  5.6032189377253285E+00  1.8383127689588648E+00 -7.3109627558953010E+00  2.6321967903914634E+00 -2.4050974727997776E+00
  2.4014712853765854E+00 -1.2843756636775217E+00  5.9394819999270014E+00 -1.5083324838694008E+00 -3.1326756861281080E+00  3.4172527082581022E-01
  4.5370880153055033E+00 -3.9710987984130255E+00 -2.0187593931141037E-01  7.2827085373742828E-01 -7.5192892819336044E-01  3.2333163366007178E+00
 -1.8594362477026258E+00  6.7062510395389796E-01 -2.5618393719084835E+00 -1.3619088993184842E+00  1.3165590868344332E+00 -1.0114635832263080E-01
  2.1308868738654225E+00  4.1869597942265491E-01  1.2895565503179889E+00  1.4336592458723096E+00  7.5238751102247858E-01 -1.3167723519777008E+00
 -4.0103628628780106E+00 -5.4743431815586572E+00  2.7461662204637882E+00  2.5268150324136949E+00  1.9613503355519546E+00  2.3868191432755326E-01
  4.1119051411686902E+00  3.1530554167625731E+00 -1.2913204225609962E+00 -1.0104662580911021E+00  1.8865262446435141E-01  1.0180222552187586E+00
 -5.7444620124845622E+00  6.2732909472928773E+00 -8.8270605248713085E+00  5.8520686706284284E+00 -9.3483978133304158E-01  1.2486522776579459E+01
  1.3021399430450531E+00
ORDER     4 BLOCK     1
  9.5052848123001954E-01 -2.2069807572621101E+00 -2.1845894571172759E+00 -1.5591271577722958E+00  2.7367872732927490E+00  3.0043635041072574E+00
 -3.9394876942141993E-01 -2.8415247150737977E+00 -1.8401613604306561E+00  6.1717164688491222E-01  2.8308337302890587E+00  8.0285216057586928E-02
  2.5039782364749202E-01  4.2362912329209799E+00  3.0902102873025554E+00 -4.0152715618761547E+00 -2.5829009702089891E+00 -1.3191472928269212E+00
 -3.9142066017332828E+00  1.4361797069020102E-01  7.7492614398684951E+00  1.5047838563532550E+00  8.3149065921239185E-01 -5.4242671047628850E+00
 -6.7761752324497615E-01 -8.3139672190693958E-01 -1.6027157590156491E-01  4.1975263375474121E+00 -1.9886075972973474E+00  1.2952842024954397E-01
 -2.1499383446900531E+00  1.0885294108078900E+00  1.2664264379727685E+00 -3.1649362074580401E-01 -9.5788203804374361E-01  3.1801739513279381E-01
  5.1753682800658452E-02 -6.3168178307353454E-02  3.1623134370975929E+00 -2.5877286139416849E+00  6.2354379701335221E-02 -1.2349114474536970E-02
  2.4908226526750482E-01  1.6556648800470866E+00 -1.9267976693168731E+00  2.9750088209368064E+00  4.5203628527850643E+00  1.8132672752313699E+00
 -2.7690415912277051E+00 -7.8484328743188669E-01 -8.6374489861726045E-01 -1.6882643496688315E-01  8.1816201671124322E-01 -1.6329051518875137E-01
 -7.5867029988833892E-02  7.2813888332013699E-01  4.8845591168940083E-01 -1.4371578094522099E+00  5.9333014776131454E-01  2.6117284574316506E+00
  4.7957150828825107E-01 -2.0083523232103624E+00 -8.4163237192643170E-01  2.7892214847268265E-01  1.6613600160506885E+00  1.2078229118975639E+00
  1.7915295979661638E-01  6.7605890749282764E+00 -5.6012905434694205E-01 -4.4633830018968652E+00  5.2908428646259598E+00 -5.7548246565664751E-01
  1.2391443136601814E+00 -6.5089989320360893E+00  7.2519198080284095E+00 -1.6433645829995598E+00 -1.9536832576983310E+00 -4.5740587713560277E-01
  4.0909838973232713E+00  3.0135248730634956E+00 -9.4598712256366213E-01 -1.1405004573788995E+00 -5.1073616415947418E+00  3.5172442256629353E+00
 -2.8396161355548126E+00 -4.1514519881849543E-01 -2.1654157980120146E+00 -9.6413656836494486E+00  3.3365613297358321E+00 -5.1867152279086461E+00
  6.9384995519959762E+00 -2.7903178947912237E+00  3.1835979794567750E+00  2.3588012643946610E-01  2.6407151883305464E+00  3.2139598509988487E-01
  2.0475383633855264E+00 -2.2599151284599475E+00 -8.6260177760871071E-01 -1.7506917014376244E-01  9.5621057872273285E-01  5.3081944676655102E-01
 -7.4098826184228750E-02 -5.8333601372744663E+00 -3.0662535294012931E+00  5.6900950016954255E-01  1.1263781584767225E+00  3.3487339517959289E+00
  4.5161861733256387E-01 -1.2734969936557818E+00  7.0597982913356033E-02 -6.3805730816706485E-01 -1.2143841800393975E+00  2.3918897555434322E+00
  4.2004559186148255E-01  1.3637456275950912E+00 -1.5221491884950533E+00  7.9472641075827810E-01 -2.3030715960822540E-01  6.2032684319547871E-01
  3.4262650918793471E-02 -9.3291430610255111E-01  5.2993792402579154E-01 -5.1233468810905283E+00  1.3975336133257108E+00 -2.4756652366204179E-01
  3.6415414852269792E+00 -7.9027876876175213E-02 -2.0059720210458595E-01 -1.1378265853646562E-01 -2.0282536897099671E-01  2.1960395179607248E-01
 -1.5606262093321599E+00  4.6122072874623257E+00  2.2151856249650588E+00  7.6553260769642806E-01 -3.7142553577325268E+00 -2.1573942609814343E+00
  2.7416476184273786E-01  1.4597310126722207E-01 -4.0116439425350747E-01  6.7009414585146254E-01 -1.6701768937211359E-01  9.6907662527887817E-01
 -1.9923325371426820E-01 -3.5871850844443931E+00  1.1926922817990655E+00  4.8414506744155145E-01  2.7623324166277445E+00  3.7812422137248092E-01
  2.7622004843356200E+00 -1.6673030548540568E-01  5.9229475670322973E-01  2.2114230924507653E-02  2.2673987281342986E-01  4.1301022294347278E-01
  1.2911081638158175E+00 -1.4236031750835261E+00  2.1307209425265419E+00  2.5570784846149679E+00  1.3695445571405325E+00 -2.8178587534562910E-01
 -1.1190330975606286E+00 -2.0333024653990492E-01 -6.1460712245542970E-01 -8.1116309652773322E-01  6.3572160143274103E-01  7.6756521487405682E-01
 -1.6120904489865990E+00  1.0066630207982936E+00 -7.2186992114476500E-01 -5.4334319787338248E-01 -1.3525118751641683E+00  2.6666968116874576E+00
  2.7566257096054186E-01  8.3265942097690537E-01 -2.7579914085229937E+00  4.8311408808964906E-01 -2.4962691412933616E-01 -4.5383044680395015E-02
 -2.9529910186113168E-03  6.8815025015661058E-01 -1.5524893996833526E+00  3.9855772618465113E-01  1.5120924289848808E-01 -4.9300653892642904E-01
 -8.1550954173503953E-01 -5.7759288725825382E+00 -9.2685915368337013E-01  1.7803292387700775E+00 -3.4842867493990228E+00  3.4982260780901240E+00
  5.7881904733561180E+00  3.1942832926217424E+00  1.3031946682810609E+00  1.9193861911560890E+00 -8.6556621567066010E+00 -3.3525429130316846E+00
  1.7107714604664328E+00 -1.0548027992569159E+01 -1.5337760847048308E+01 -6.0927129547077497E-01  1.0634293203009195E+01  2.8766221447177660E+00
  4.5281127831795684E+00  4.1374045438544167E+00 -1.2287495918342895E+01 -2.0163526731918924E+00 -5.2674279315250718E+00  6.4963935888815634E+00
  7.3512528142909455E+00  3.1007568764615043E+00  3.3732255244182641E+00 -1.2953344468890224E+00  3.9458698364895559E+00  1.4768987229016626E+00
  1.5548590581786255E+00 -3.2942806201496704E+00 -1.2224054735404366E+00 -2.4320038385293349E-01  2.1138353666312315E+00 -1.4831366855366217E+00
  1.3555375910588947E+00 -1.1588903904661561E+00 -4.6844791692860062E+00  5.2756477218733906E+00 -2.2029628247584339E+00  2.1208475047276774E+00
  1.4185309194289661E+00 -4.3188838219752661E+00  7.7818059784463756E-01 -4.0880469350032502E+00  3.4160818087301603E-01  1.4664651121850834E+00
  3.2443640362894710E+00  3.2327524430454346E-01 -4.4987759873884098E-01 -1.6753738621944096E+00  1.4150715890418988E+00 -6.9385474334113473E-01
  2.7044028583851101E+00  2.1644823614367108E+00  2.3053591026789539E+00  5.2682825206599206E+00 -6.2878009969340090E+00 -6.7344268255332107E+00
  5.4736385872172582E+00  3.5999575438158256E+00  2.4271916970917429E-01 -5.2279978555027473E-01 -2.1549386934481940E+00 -1.1422782541317890E-01
 -7.1934631156505224E-01 -5.3757375842358046E-01 -7.2085562364420541E-02  4.9453393941218904E+00  4.0133673408072879E+00 -1.0973426890519233E+00
 -4.2397191363148562E-01  1.8992592504492817E-01  1.1384524653059911E+00 -1.3289854252671807E+00 -4.0094115400032265E-01 -4.1505531201915664E+00
 -1.5472867092398415E-02  1.9255281192623932E+00  3.0309406452438594E+00 -7.5998879493961269E-01 -2.2413409387118163E-01  1.7019118983728077E-01
 -1.2618923637389801E+00  9.1470865013848934E-01  1.6557871382998000E+00 -1.1853762794577425E+00  2.0552535165941039E+00  2.3366232982212711E+00
  9.3281169075735502E+00  2.0600855703642601E+01 -1.8664328302130260E+00 -1.4981201747800446E+01 -3.6608977730553538E+00 -2.0102700835495710E+00
 -4.7883730185633289E-01 -3.8122236497255351E+00 -7.0216798630754136E+00 -2.0917295796451656E+00 -9.8178851929201272E-01  1.1593508968544976E+01
 -1.0688181265563901E+00 -4.9137641069950959E+00 -1.1502921560766206E+00 -8.6645604023488776E+00 -1.1961759087049151E+00 -1.3088309334036910E-01
  1.3217542619983769E+00  4.3745289897870130E+00 -1.9333861116594788E+00  4.7452660911916755E+00 -1.3147539951237739E+00  4.2740725462888349E+00
  3.0860195133313728E-01  1.7670646528917944E+00  4.4891494028720871E+00  1.3369237037650864E+01  1.0218179710419908E+00 -8.1003358271712571E+00
 -1.0545561879628069E+01  5.3222004328638484E-01  1.1051480742816129E+00 -4.1789292659003863E-01  4.3873592917435484E+00  5.0353124003076233E-01
 -5.5491787930681111E+00 -2.7205860262575854E-01  1.2116325663069611E+00 -3.8823916778004675E-01  3.2026586096778126E-01  1.4140920836995865E+00
 -9.3202344477654386E-01 -2.4871970399880237E+00  3.7241057449612536E-01  7.1216244142329510E-01  1.3626570852569440E+00 -9.6361303305176316E-01
 -1.4947693160646755E-01  1.7489749552967278E+00  1.1751157037265154E+00 -1.7076233731825927E-01  1.5383576657128191E+00 -1.1306309718225960E+00
  1.4481512010328921E+00  8.0859393733244778E-01  2.6401632390514918E-01 -1.6100813298240841E+00 -1.5625798511340563E+00 -4.7593172344349455E-01
  1.4156653191191753E+00 -3.5471354223159607E-01 -3.0907126680106134E+00  9.0535132380567829E-01  5.5225425294674124E-01  6.4105529850064680E-01
 -1.1602048880434106E+00 -1.6667791173112756E+00 -4.5282541920897823E-01  1.5003855170970650E+00 -2.7256106778438269E+00  1.0842705744768426E+00
  5.6474785909582637E-01 -9.3372017534209928E-01  8.4937337381951483E-01 -7.0718159368110500E-01  1.3824377830947181E+00 -4.8878963543975551E-01
 -9.9239468341329384E-01  2.0106862525004923E+00 -1.6639050226504526E+00  1.8420753522387023E-01 -6.5383004576011838E-01  1.3580811055280548E-01
  7.9664766538013865E-01  9.8910113644109043E-01 -1.6537412447947610E+00 -1.1099920055351133E+00  2.1210276186700960E-01  2.4727302120680490E-02
 -9.3211533324328610E-01 -3.8588780657579558E-01 -5.8534165449344444E-01 -9.8339413280613130E-01  5.1036415282451726E+00  4.6977075319822975E-01
 -5.1582146443045973E+00  5.2197789185905732E+00  2.6298874379480282E+00 -1.2865281074757111E+00 -1.5642630214019593E+00 -1.1554493786528233E+00
 -2.6119529721293335E+00 -5.6041537325613229E+00  8.7894873700166389E+00  2.2297733142511276E+00  3.6477987609227185E+00 -3.2136373857819915E+00
 -8.5160728021250574E+00 -4.1586892666904145E+00 -7.1969929042665548E-01  1.3129251547552456E-02 -2.4358786882897028E+00 -2.6415288667530237E+00
 -5.4121930787181205E-01 -1.0380569615004067E+00 -8.2054866302680707E-01 -2.2059389948788888E-01  1.9836159453708404E+00  1.2489135212857808E-01
  4.4332550267686940E-02  3.5076208591187203E+00 -2.6545251248992963E+00  6.5554538311805546E+00 -8.7377510526072802E-02  1.2989422807574962E+00
 -1.8467459546088250E+00  9.5709301535083107E+00 -6.2073941009051370E-01 -6.7413437227252029E+00 -7.5309912347605801E-01  1.5978862486913177E+00
  6.8487505457511819E+00  8.2620008707553669E+00 -1.1739749946354552E+00 -1.0155553500903181E+01  1.0716911937901894E+01  1.5258864061264212E+00
  9.2102820228801043E+00  1.3580870865464383E+00 -3.0941949462231086E+00 -9.7485078434075978E-01 -2.0204875154241633E-01 -8.9482469652068808E+00
 -5.8568375268088593E+00  5.8234249380149770E+00  1.0027268109819781E+01  3.3273727035350880E+00 -3.7964076119178016E+00  2.1349613414289683E+00
  2.1076403569942790E+00  1.1208126345393457E-01 -5.1587548121394304E+00 -2.0561006260574626E+00 -2.1699590295023238E-01 -2.2842345424813248E-01
 -2.7328535224728281E+00 -6.9505199531561868E-02  4.0779181141850679E-01  1.5600309444848925E+00  1.3412044711907728E-01 -3.6058798185342293E-02
 -1.3700045858384574E-01  1.8986616295217576E-01 -5.6558674098048396E+00  1.7059102138392925E+00 -1.7587623297783195E+00  6.6899635968208671E+00
 -1.6728210483324877E+00  9.6747082396313910E-01 -3.9428032758749332E-01 -2.1196677314013562E-02 -2.0398638104429367E-01  5.0825984528896573E+00
 -1.6926011968036275E-01  1.3275090627807307E+00 -1.0310793873649629E+01  2.5480059086456597E-01 -1.1348062622793564E+00 -1.0555138400515690E-01
 -3.9317113108529833E-01 -9.4200231310142352E-02 -4.4536799382225913E-02  1.3316442946217490E+00  3.6932480666289214E-01  1.7936147336172634E+00
 -4.8048010729284218E+00 -4.1876658507332526E-01 -1.9606363375599467E+00  1.5317542166089193E-01  1.1044628485217090E-01 -2.0244478134395505E-02
  2.2484543525770870E-02 -1.4991544986666158E-01  2.9303728109274224E-01  8.7315240166713992E-01 -8.6779504779276107E-01  1.8640749209020644E+00
 -6.2166557151392199E-01  8.1708137811939030E-01 -5.6473929228449148E-02 -2.8593658262463179E-01 -3.2290677223570513E-02 -5.1051932392024719E-02
  1.0460734336762460E-01 -6.6513337302701217E-02 -1.6785042082252841E+00  3.2335827889737163E+00 -3.0461699915386760E+00  1.2805276751943711E+00
 -1.1287139815473035E+00 -5.8696784859507956E-01  5.0426345246563253E-01  1.1434725422112806E+00  1.6098422227258513E-01  1.4051048058807749E+00
  7.8528052017578220E-01 -5.3000843797084440E-01 -2.2267183011089160E+00 -9.4382806660929059E+00  3.5923571283902413E+00 -3.2176669539276226E-02
  1.8987929504899419E+01 -3.7202488706706243E+00  2.2104397626600858E-01 -4.0966822991495105E-01 -4.2776282884438999E-01 -5.6324980369306687E-01
  1.4408635576030970E-01 -1.3452672985902450E-01 -9.0168917701653140E-02 -1.6714221044235442E+00  9.3257039455288004E-01  6.3192403870710008E+00
 -1.7588905349884412E+00  1.6378236725363111E+00 -7.8291578519250518E+00  1.4198297146922267E+00  3.7804740163173756E-01 -4.4686558151331025E-02
  3.3373773526654621E-01 -1.1912553648810119E-01 -4.0295460588039268E-02 -4.5373363527234034E-01  2.9256551652948320E-01 -2.5717202962106106E-01
  4.6120230858280686E-01 -1.4436966960772009E+00 -5.2181033861590373E+00 -1.2051648081043298E+00  5.8228860107619806E-01 -4.4213321555716973E+00
 -9.1867689032894830E+00  2.6046451833323538E+00  1.1584529319475130E+00 -2.4164048307069746E-01 -9.6107994722109913E-01  6.9564715022208654E+00
 -2.3919488969555047E+00  4.1770419182798707E-01 -5.6867874344586440E+00  6.8724868878127783E+00 -2.5029788822485051E+00 -4.2421811620706040E-01
 -1.0075962322134028E+01  1.9856773242759946E+00  4.4951103970406786E-01 -1.9076824491039115E-01 -1.3713371450793793E-01 -1.0675603382295074E-01
 -4.5195863226943044E-03 -4.2431301073276195E-02 -9.3795448712553284E-02  3.8595790335839092E-01 -4.5662324798955750E-01 -2.4516407797424591E-01
  1.7254099766316833E-01  6.0513669228552926E-02 -8.3625119091364664E-02  6.4262506016710965E+00  7.4942007386008391E-01  7.5020116918308732E-02
 -1.1958245525388861E+01 -6.0774733943282522E-01  5.7981228458870090E-02 -4.4503689147684940E-02 -3.1785214875683802E-02 -2.2785261872769087E-02
  6.3507482181231992E-02 -1.5160167830254884E-01 -5.8402828371852136E-02 -7.7183047384125665E+00  1.8944915643249578E+00  2.0302871850088797E+00
 -6.2817222336387180E-01  2.7923647769613019E-01 -5.6151252762308729E-02  2.1008001523969808E+00  2.5599847853978859E+00  1.7931708333818608E+00
  3.4930502661031154E-01  6.4272883079296383E-01 -2.0278699208938664E+00 -1.0320293689834585E+00 -1.2735128144181094E+00  8.0397832029051264E-01
  4.7099458332546618E-01  5.3674774106118636E-02  4.3082828724658406E-02  7.9070006833973638E-03  3.0989004304937246E-02 -4.0642716060446593E-01
 -4.5849718391945432E-01  4.6947872043821753E-02  3.8759827302843708E+00 -8.3205301973457466E+00  7.0310333644811784E-01  5.3904695556752635E-01
 -1.1147463599880679E+01  6.2203119545928507E+00  3.7896946666795728E+00  4.1029185879929591E+00 -1.4085141911624879E+01  3.8925311533259777E-01
  5.8996275081071445E+00 -1.2106526729302876E+00  7.8154775801787704E+00  4.8892493621324586E+00  2.9256401666459464E-01  1.1414821312157725E+01
  9.5644719342247146E+00 -6.8794130923140262E+00 -1.5291994975770175E+01 -7.3814453101691271E+00  7.7471389300419995E+00 -7.0153196126337891E-01
 -2.1359149468288248E+01 -3.9744873874882156E+00  3.6564909260014269E+00  5.4557195484022269E+00  1.8062319681980419E+00 -1.2116163751880719E-01
 -1.2733018115841164E+00  1.3818691919383244E+00 -2.7587514547699477E+00 -1.1947960476857393E+00 -1.3580743292574313E+00  2.4613912829690729E+00
  1.1533622076314831E+00  5.4896799477906810E-01 -3.2976976671879497E+00 -2.0141778274739384E+00  1.5842823401297585E+00 -1.8595498895298377E+00
  2.1662072589811898E+00 -9.1444818860865940E-01  1.6739045395546794E+00 -3.5107743971335686E-01  8.7619772219045156E-02  1.6884700726656903E+00
 -5.5921442811612965E-01  9.2938310676300051E-01 -4.1092506292664428E+00  4.8578557144320730E-02 -1.0252554767215789E+00  9.9175358202489627E-01
  7.1448236683232247E-01  3.4943928495147665E-02  1.2526457477747449E-01  6.2380264980835454E-01  3.0078091002940632E-01 -1.0146913867090592E+00
  9.1446299316804891E-01 -1.3212503894082706E-01  6.9306972130397526E-01 -4.0201027334421263E-01  4.0523654922447062E-02  4.8615066054979511E-01
 -1.0169959754932620E-01  9.6292476121100437E-02  1.6928228293717215E-01  1.2356639333533526E-01  7.4612724583531020E-01 -5.5117584186138169E+00
 -2.0604090102792394E-01 -5.2656058095256808E-01  9.7251966448839433E-02  1.1285057832238660E-01 -2.7377743316387093E-02 -1.5389085957702642E-01
 -2.3533862854734514E-01  3.3715772662002326E-02 -1.1532872971175781E+01  2.6686948223525304E+00  4.6094425452412304E+00 -4.1934887740779532E+00
 -3.7367432410619177E+00  4.1157667153325350E-01  2.8724948244906430E+00  4.7759548752371629E-02  1.4133788542359895E+00  1.7184249198687057E-01
 -3.8106814575569747E-01  1.4131115413173465E+00  1.8480886126282181E+00 -1.0693666713530423E+01  5.9522139196006019E-03  3.4865791528188983E+00
  1.0507162673469463E+01  1.3556988833668848E-02 -2.8598724951650150E+00 -5.4487526206610515E-01  2.8837635550880197E-01  6.5536205706811601E-01
  2.1164624692929679E-01  9.7881500205894825E-02 -3.0253044457192768E-01  1.3204922176353173E+00  1.9710297554027356E-01 -2.6326007808706993E+00
  2.2615773547647264E+00 -8.3481842594919886E+00  5.5725715739864192E+00 -1.7733101212859221E+00  8.3435312097814531E+00 -5.6695144775076267E-01
  6.3985316116168200E-01  4.3176567686328265E-01 -1.5321124307792114E-01  6.4284579478328330E-02 -3.5359859870695254E-01 -4.9741137967493643E-01
 -8.5507190200294136E-01  1.8384794020646349E+00 -6.9417083969756215E+00  4.4481008767717412E-01  4.7442782334658054E+00 -2.8449381709623096E+00
 -3.6207822172626836E-01 -3.5628010633543190E+00  5.4379277370285389E-02 -9.9209280590385762E-01 -4.4574447517421029E-01  5.0871741399427339E-01
 -1.2537695648058617E-01  1.5322518055912893E-01  4.0465467500163053E+00 -6.1864314085315664E-01  2.4164661466592782E-02 -5.2727984194818622E-01
 -3.3425549205327956E+00  2.6096825631431719E+00  2.2714396657542785E-01  2.8444781325145945E+00 -2.0408091455233013E+00 -4.1077841140941718E-01
  6.5472022915915151E-01  5.8010751533551563E-01 -2.5348926235210156E-01 -1.6874025438901488E-01  4.2959323973105262E-01  9.2744175812142515E-01
  2.9823505998969851E-01 -3.7528551215165623E-01  2.1649420123005964E-01  2.0921804947425811E+00  3.1210879399455953E+00 -5.6388554298526494E-01
 -1.6186970333674715E+00 -1.8598471725670560E+00 -4.4810706506295672E-01 -1.5819995345133051E-01 -8.5494435697549553E-01  2.2488516417554200E-01
  9.7963982092106591E-02  1.2373217159191952E-01  1.0574848703760158E+00 -2.7077004119063253E-01 -6.5059307240357278E-01  1.1462762602357266E+00
  1.5216014497468204E+00 -5.4691876708374076E+00  1.9194492233963962E+00 -8.0001904377625610E-02  4.1935260491358912E+00  5.9876622879357360E+00
 -1.9711868321637438E-01 -4.1880124719737144E-01 -6.1676030209858512E-02  2.4114175114287958E-01  7.3651915745604424E-01  1.4866089778715192E+00
  1.5987312132650606E+00 -2.3841076932643193E-01  1.5884702598561780E+00 -8.6518972032260721E-01  5.9005771537245877E-01 -1.1120880833107283E+00
  5.2202440933052516E+00  1.7971725071366185E+00  2.8924174031960037E+00 -1.0511537015911929E+00 -1.6028249842255773E+00  2.9221073153497495E-01
  1.1465225729275029E-01 -2.9370056760424341E+00 -1.1022167838401793E+00  1.0703732098784377E-01 -6.7253038492041994E-01  1.1307672677750573E+00
 -7.3301938925390733E+00 -4.2916480065493818E+00 -1.5487370804763748E-01  1.8362541504552432E+00 -7.2043588430353926E+00 -1.3516637402184082E+00
 -4.8044990545130783E+00  4.1633252634620437E+00 -3.4165203622727114E-01  1.3689103428420080E-01  6.1331884688908334E+00 -5.6372980947384366E-01
  4.3816497737862453E-01  1.1863451092185764E+01  2.7190489582619093E+00  1.6588411578049402E+00 -8.4983088688386061E+00 -2.2191992790877255E+00
 -1.8336436887870926E+00 -4.8126270748228245E-01  4.3241222948853680E-01 -1.0460191206400230E+01 -2.0428637030859740E+00  1.1534553269854968E+00
 -1.0037536591973635E+00 -7.0461970330341650E-01 -1.3005069781587357E+00 -1.2924784851870752E+00  1.4218366650862784E+00 -1.9959438200382701E-01
 -1.7260180921489779E-01 -4.6997005167238559E-01 -1.0624474125385956E+00 -1.8549948998329195E+00  3.6589746254802842E+00  3.2857474696579486E-01
  1.6129157147755422E+00  1.3560973345102365E+00 -2.1883907915428255E-01  3.8670392646371138E-01 -2.3556279762785313E-02  2.0822128525325370E-01
 -1.4811225648493828E-01  4.8618030485332175E+00 -7.3976797522385818E-01 -1.4493893153979829E+00 -1.1399214802522839E+00 -2.3516399785935915E+00
  5.2148629455184485E+00 -1.1365883593267321E+00 -4.4835629126066738E+00 -4.2376381628326589E+00  1.7239158324086801E+00  1.4220925442455081E+00
  1.0147957753760613E+01 -1.7945870032247637E+00 -5.8365076372889502E-01 -6.4482325691452647E-01 -1.7066861636446740E+00 -1.4010653898502812E-01
  7.2018444199231457E-01 -7.5824939662120427E-01  8.0685508443896448E-01 -5.8795080712822889E-01  1.5152213753820951E-01 -4.4965051362812058E-01
 -7.2836071396990443E-02 -3.0007574264682932E+00 -1.1485322793717527E+00 -2.9838497779835911E+00  2.2978384416409723E+00  1.2719758818611107E+00
 -1.8512425900451074E-01  2.3308616726325268E-01  1.8489833518743735E+00 -7.6394157576140187E-01 -4.2721255685631443E-01  9.7727914713566733E-02
  1.2483257807318866E+00  8.3443475969582459E-01  1.5250837184342603E+00  1.4430798575529857E+00  3.5933253490917982E-01  1.5649479406350169E+00
  1.4330656855022414E+00 -2.5021480978916305E-01 -1.7063515509497373E+00 -1.1467837318663304E-01 -1.9591773690401595E+00  1.3292570183435821E+00
  2.2826135263999165E+00 -9.8133305024857498E-01 -2.9440370851401241E+00 -5.3725600468576273E-01  2.1474609425517699E-01  2.2156493086055939E+00
  2.2959060083269303E+00  2.8658875304911219E-01 -2.6230510393414583E+00 -8.6052407821264928E-02 -2.6600778890260340E-01 -5.5374340528826027E-01
  1.4646508239398731E-01 -1.0913700608843722E+00  5.7484625339936413E-01 -2.6474519409427888E-01 -4.2064621127886146E-03  4.0674418819170227E-01
 -4.4297755029655927E-01 -4.9190709132496302E-01 -3.2998890922669757E+00  6.4560887619804062E+00  2.9362892696822351E+00 -4.4729059466941550E+00
 -6.9298484472551536E-01  6.1755067586377921E+00 -1.5196932997187212E-01  5.2190738285411675E-01 -7.3331991501388460E-01 -6.1425304553158949E-02
 -1.4716845425338346E-01  4.6230461288222258E-01 -6.2070981425962002E-01  7.7114529766700979E-01  8.0619548055906556E+00 -3.2844901409627314E-02
  1.3716237757202903E+01  5.7002441485427358E-01  8.8945608720775198E+00  3.5728215709819883E-01  7.5158961879233930E+00  5.5727336612199014E+00
 -1.4717268541751798E+01  8.4991409710640564E+00 -5.5861501239276263E+00  7.6130838117883854E+00  2.1110029048102947E+00 -2.2077608377292814E+00
 -2.8000237015121057E+00  3.5022475981779420E+00  1.4452819617532084E+00  2.0079773673424377E+00 -1.8339854891266555E-01  2.6768041258254976E-01
 -2.3876913880790918E+00  5.6819122741033357E-01 -2.7299315741010570E+00 -3.8785695617706745E-01  4.7500234966917171E-01  1.9464962211561251E-01
 -7.7879429559413682E-01  6.1315006588484033E-01 -2.6065545787276852E-03  2.0779831618176283E-02 -2.0551584789964883E+00  9.2171480654762161E-01
  4.9600351972311435E-01 -3.3812112665671350E+00 -6.5828760410132936E-01 -5.2641709234768796E-01 -2.0227204255992673E-01  1.7543271906264926E-03
  3.7133205714676501E-02 -3.8755592853314216E-02 -1.8075526755042676E-01  1.9087584639791713E-01  4.1018487303739698E-01 -2.4703748124615084E+00
  9.4599527647983617E-01 -9.5740939023454814E+00 -2.5214328254211069E+00  1.4938319911454383E+00  2.2435316390291824E+00 -3.4894108415210692E+00
 -4.0756122055650712E+00  1.0004606055832815E+01 -2.8230963481607318E+00 -5.2411629402432718E+00 -1.0759300781737437E+01  2.3776503950769530E+00
  7.3694462517698012E-02  7.3928659406502705E-03 -3.1401037407337651E-01  1.7504377133822271E-01 -6.0158693061409488E-02 -1.5829323105219092E-01
  3.0615833296517447E+00 -1.2255458747343182E+00  4.0085293125248983E-01 -1.7576376118327722E-01 -1.9436800348278369E+00  2.7144892864031953E+00
 -1.9357330307023846E+00  1.2518187685318574E+00 -1.5593883977657974E+00 -4.5126412759764212E-01  1.0634611285575703E-01 -7.9383126702357323E-02
 -1.8699828125375093E-01 -1.3923745440061494E-01  2.1676502183407226E-01  6.3269562296861059E-01  5.5173120771057882E-01 -4.7304649321828862E-01
 -1.7760719714245390E+00  1.0287411690128758E+00 -1.3394964434841230E+00 -4.7692279039106023E-01 -5.9391948672896167E-01  2.5326152201539526E-01
  3.0516847387766466E-01  1.5787018659736478E+00  5.8717019158413680E-03 -3.2138528323508009E-01  1.7610048871326140E+00  1.1569132260103043E+00
 -3.8024453216727871E-01 -1.0456311394053683E+00 -1.5578381895264513E+00  3.9449877072409578E-01 -6.8290896360515507E-01 -3.2353020476940231E-01
 -4.6942174943206971E-01  2.1615745791932123E-01 -5.3101372826139470E-01  5.7224596623623558E-01  2.7488624701722947E-01  1.8821656219108931E-01
  6.3565728478951189E-01  9.6737403626344343E-01  6.3685194950753088E-01  8.1282057014416909E-01 -6.0798354877871774E-01  9.9407063998093359E-01
 -4.5478994832652830E+00  3.6339017944173935E-01  3.2611188004080569E+00  8.5292270449595953E-01  1.4385183200250218E+00  8.3442926435600417E-02
 -7.6694612505645754E-01  1.3497242528914468E+00 -3.9366432729192963E-02 -1.3673772088385112E+00 -2.5724425069740764E-01 -2.5266848380525397E-01
  2.0914984313715435E+00  4.2216456789757484E-01 -3.7675015073251430E+00 -2.7655858267739348E+00  1.6176383716721712E+00  3.3741823624128999E+00
  6.7794943614389425E+00  1.3231261321132459E+00 -1.8643930182153676E+00 -1.2316425036035616E-01  7.1896658775476696E-01  1.0503827604067522E+00
 -1.3586667691602716E+00  2.5161967690076397E+00 -2.9223597031327270E-01 -6.1072454054327907E-01  1.6337915101091868E-01  1.8967103592674475E-01
 -2.4462607613722342E+00 -3.1323426777618417E+00 -1.2508418157069923E+00  7.4561450152464204E+00  4.9956765874505449E-01  1.0027720327338969E+00
 -4.1270494347495423E-01 -2.5424614923263041E-02  5.2157215123128861E-02 -4.8492425839583853E-01  2.2045156688189649E+00  1.6516151251106012E-01
  3.1916629506117744E-01 -4.3197054641829933E+00 -1.6762729445248209E-01  2.3777387042064305E-01 -1.1764360603006090E-01  6.2229364873255567E-02
 -4.3731773140332192E-02 -4.5982281835282378E-02  1.3435024172161658E+00 -2.8649125671938851E+00 -3.3633388745452836E-01  1.2679127332138315E-02
 -4.3973119932176452E-02 -1.3255639087021822E+00 -2.0794995005837675E+00 -3.9319446460158725E-01 -5.2059489788467006E-01 -1.5895177995486098E-01
 -7.8296177055512328E-01  5.8267456510798454E-01 -1.2074522334527866E+00  1.2315601308656006E+00  8.0265351027356494E-03  5.0419830225796114E-01
  4.8016772090486581E-01  2.5038770401784554E+00  1.5854560955160540E-01  4.4813981551793320E+00  2.4727581039708433E+00 -7.3314166090563768E+00
 -3.2574645553408246E+00 -3.4053184525307617E-02  4.6478322781786180E-01 -9.1357503897283338E-02  5.5465289136347906E-01 -3.2668406732138483E-01
  9.5324995097878373E-01  7.9389551126173186E-01 -8.8270845595421381E+00 -5.9760853627576260E-01  6.2478371361367364E-05 -2.4139786098434621E-01
 -5.9594863271428718E-02  3.0959419792658971E+00  1.0756189797132540E-01 -1.5978932288698219E-01  4.0226367122351778E+00  1.8212091251276230E-01
  3.0661311441301073E+00  3.4334757025869660E+00 -3.3993073948222546E-01  4.7849974699159931E-01 -1.1169931869926814E-01  2.3229517756122353E-01
  3.9970920102193247E-02  3.4262767377238997E-02 -5.3200618117755200E-02 -1.1664608160072858E+00 -3.0786745978165140E+00  1.7653722762544393E-03
 -2.6988203057324673E+00  1.4172793994031883E+00 -2.1322859839918618E+00 -1.1000005881623802E+00 -4.2097007229346790E+00  7.8604579250092788E-01
  1.5151848381603455E-01  1.5845143725691364E+00 -4.3305886442225705E-01 -6.5404316293934631E-02 -5.3663296999679799E-01  6.2235562376454068E-01
 -2.0994621108545086E+00 -4.3410897862387330E+00  1.8776832303375939E+00 -3.5245295565378258E+00  7.1704904766902091E+00 -8.5757420749448665E-01
 -1.1634541189660233E-01 -1.7135536647670551E+00 -8.4604996979108460E-01 -3.8019415291972536E-01  4.3829716702351679E-01 -3.7033974918252927E-01
  2.1810630542799854E+00 -6.5188315902395122E-01 -3.2064023654007723E-01  2.3650453190497575E-01  7.1554814023921476E-01  5.0199261175618470E-01
 -6.0445579829428919E-01 -3.4950744177426427E-02  4.2315205693073238E-01 -1.2497622295305428E+00  8.1497083870537672E+00  1.6685895047461186E+00
  1.2797889989806945E+00 -4.2333947939015648E-01  9.7614621193494688E-01 -5.3796801804748986E+00  4.3091110722187009E+00 -5.0863762188458512E+00
 -1.4242012834597300E+00  7.4846390480325171E+00  2.2979303173164376E+00  1.0168434575614452E-01 -2.4549993093097905E-01  1.5809183223143632E+00
  5.9605199709451751E-01 -8.9672674216803372E-01  2.8144601510323417E+00 -3.0905528548290544E+00  9.4969922207541496E-02  2.8986825847592761E+00
 -6.8541244215036388E+00  5.3110979126933278E-01  1.6585288465093501E-01  2.0179348528247187E+00  2.3483438524698168E+00 -2.2042149471197198E-01
 -1.0936712203331142E+01 -2.9896671102971260E+00  5.8010457435130007E+00 -9.0738076477867857E-01  5.8829730264068933E+00 -6.8891011043480488E-01
  7.7542068804262038E-03 -3.3864743423209402E+00  3.1400368532821403E+00  2.4137460116054008E+00  1.6568685837101502E+00 -3.8606696621878447E+00
  6.3962764452062801E+00  8.8408860161519272E+00 -1.2071163711590369E+00 -1.1451111848215787E+00 -8.1772919668948940E-01  3.1278076947953410E+00
 -2.2496962820950732E+00  5.6920372068811975E+00  2.6830129038518593E+00  1.2064806984374272E+00 -8.2368782388638877E+00 -2.1899155521110432E+00
  6.4152942626184375E+00 -3.0178688020570221E-01  3.0022593601945626E+00  7.0356236486429954E-02  2.8022893912663891E+00  1.6145663252134894E+00
 -1.8231726823816269E-01 -1.9002533102417463E+00 -2.0609508459928279E+00  9.1364417266427289E-01  2.0626074912915118E+00 -9.0334319640872129E-02
  3.1141295421310868E+01
ORDER     4 BLOCK     2
  1.0364346573342793E+00  6.6132154725703014E+00  1.0844964725430993E+01  3.9251736735603632E-01 -2.2314459438962295E+00 -1.0506840982941693E+01
 -6.5188473046261910E+00  3.0842290765564337E+00  1.0414035496428662E+01 -5.7367991624188388E+00  3.0774806114447966E+00  3.3859107748399113E+00
 -8.6102288090240930E-01 -3.6549414353737388E+00 -3.4714392994345840E+00  2.2481728949768174E+00  2.4324936763038503E+00  2.3299439500374675E+00
 -1.2219981713767032E+00  2.1054551189680162E-01  2.5675226322631739E-01  1.0932172093040122E+00 -1.5487782729476682E+00 -4.0609133456246621E-01
  9.3375329006462526E-01 -3.4959348641889676E-01 -4.1316435178446610E-02 -1.1426128229188477E+00  1.4039686677979282E+00 -2.4147618578684127E+00
  8.3892650897725807E-01 -7.3969450789213265E-01  2.2869298786348033E+00 -1.5532523661792860E-01  3.7350098909516311E-01 -1.4812616678709617E-01
  3.3672208733678483E-01 -3.7902190798513508E-01  2.3512408435303751E+00 -1.7505229772434860E+00 -2.2806870673032706E-01  5.2579761159690619E-01
  6.9867639844826265E-03 -1.3203300140880703E+00  4.1937414462827442E-03 -3.0196219332930920E+00  1.6052904440320468E+00  1.2587352627944102E+00
  2.1100205931102218E+00  1.6889824717253050E+00 -3.9470851549025404E-01 -2.2447939502999750E-01 -1.6520801482506306E-01 -2.7420665562593410E-01
 -4.1236647686942102E-01 -1.0348327766380909E+00  8.1073913014403343E-01 -1.2332529480689927E+00  1.4089506087900947E+00  5.4106390472097532E-01
 -4.8377861158301483E-01  1.8538596581792222E-01 -8.1906682427175870E-01  2.4599970052051331E-01  4.5396104672375107E-02  2.5487562017253740E-01
  5.1507929312905737E-03  1.7621421807331458E+01  3.5101032649897457E+00  3.8287282854705036E+00 -8.2078212361338707E+00 -1.8648117448400509E+01
 -1.3123462955689584E+00  4.7780369709447195E+00  6.0642385407637649E+00 -3.2603249895990456E+00 -2.8571988656851621E+00  1.7755463910553597E+00
 -1.0927412599243267E+00 -1.6493761775549288E+01 -1.1660913359755723E+01  1.6853260508651971E+01  8.8750396299084997E+00  7.4239241321325879E+00
 -9.8663620233651255E+00 -5.6891150968695134E+00 -8.4217193893761770E+00  6.7345236241186823E+00  6.1114707233781980E+00  6.1602135381803782E+00
 -2.2603987438563102E+00 -7.2019422222566021E-01 -1.3790332871782820E+00  1.0620316355889607E+00  1.1421755362290962E+00  8.7600966928147250E-01
 -9.6809704573073596E-01 -1.0568607351237402E+00 -8.9909535563854748E-01  7.1943935475980447E-01 -1.5559365884109806E+00  5.7710424382802078E-02
  9.0275967027967396E-01 -2.7784653195712056E-01 -1.6980549564715768E+00  1.2734160362572167E+00 -3.3565493316241179E-01  1.0319150671346458E+00
  1.7549544273853943E+00 -7.6556165434997672E+00 -1.6391738753468423E+00  1.3320714055429725E+00  2.6457164972586718E+00  3.2620514530102029E-01
 -4.0791107599544707E-01  3.1843827981473019E+00  3.3503938786670520E+00  1.3441640883333541E+00  6.6199339902590493E-01 -1.0991721706557582E+00
  2.1135762065505963E+00  3.0160100774125684E+00 -1.0662952819321920E+00 -2.5731419095907739E+00 -7.4758670525344773E-01  2.5623344333522060E+00
  1.5756726043690035E+00  3.2051531372139159E+00 -6.0739699242880130E-01  2.4550933608248390E-01  9.9801037386993474E-01 -6.1256513694984582E-01
 -8.7901639416677821E-02  1.0179963694696475E+01 -1.4324491871534932E+00 -7.4888506231831204E+00  1.3742605715994005E+00 -4.2626027808029715E-01
  4.9449202249428081E-01 -2.3737102343032208E+00 -2.2042240927002159E+00  4.0051098146474402E+00  7.6974749796077568E-01 -1.5216793372770210E+00
 -3.5588017188652317E+00 -1.7603386425284151E+00  2.7093639871137651E+00  1.4239095615173383E+00 -1.1297283643540341E+00  2.1347346380135908E+00
  1.7701945083062434E+00 -2.7052952709873812E-01 -3.7417406026056943E-01 -9.0862269638585347E-02 -1.0259547991074061E+00  1.8117897010338482E+00
  3.6539521318726926E+00 -9.3825995785623775E+00 -7.1423891041876226E+00  7.1896017865588151E+00 -1.1721134796668393E+01  6.7544910803255629E+00
 -1.1698058892660470E+00 -1.2280245226413358E+00  3.3229440657080356E+00  1.9667144427813519E+00 -2.8402643436437658E-01 -8.2239470837330249E+00
 -4.3982050257367167E+00  5.7927513347809367E-01  2.3384687541081828E+00 -1.6841861848720383E+00  6.2177770529547711E+00 -2.3859098548004480E+00
  7.7244937529444646E-01 -5.5230772455000932E-01 -1.5258908667552412E-01 -3.0583088600823118E+00  7.8922695861281789E-01 -2.4893789540554927E+00
 -3.1674330240575519E+00 -1.9938413174254406E+00  2.4604611167712385E+00  1.1501415616949300E+00  2.8780100512646363E+00 -2.4592219486343947E-01
 -6.3759814540363315E+00 -1.6213976413854443E+00 -3.2181510241297899E+00 -2.7042618311358093E+00 -1.3951441562037596E+00  8.1336122708500458E+00
  2.8537724431799054E+00 -1.3303405725853393E-01 -1.1244598383470171E+01 -7.0544768524246511E+00  4.7417685955237179E+00  1.3649234547511426E+01
  5.4220705559682862E+00 -4.6844276439515253E+00  9.6084565606485894E-01  9.0158432966747049E-01  5.9096578973633107E-01 -1.1406417830039184E+00
  1.3035291094884388E-01  8.1830352609944301E-01 -4.4010970216167367E-01  1.3119037895775945E-01 -4.0008228993647393E-01  4.2444730150993115E-01
 -5.7774863376370181E-02  2.6540505138102405E-01  2.7720479724200846E+00 -5.1006136292892590E-01  1.8743193661848740E+00 -4.9749149752618713E+00
  4.5667926445190982E-01 -1.7367519315823861E+00  2.6054629231085646E-01  1.0917497041708275E-01  1.6854384591119562E-01 -4.6810347493309967E-01
  4.5036748199536486E-01 -2.1713448643499045E-01  3.4423242174507971E+00  1.3427181676646076E+00 -2.3766750152433291E-02 -2.0332612741993565E+00
  1.3322633932999379E+00 -2.1977946281032645E-01  2.3430152054931208E-01 -4.8669154379924766E+00 -3.1199644992943071E-01 -1.3788579566354122E+00
 -1.2554179452250205E+00  5.7624399042329468E+00  2.5621934606127428E+00  6.5226063948472635E-01  1.7494636711320175E+00 -5.7249038495743043E-01
 -1.7830706285111189E-01  2.8277817047546494E-01  7.6014335947050829E-02 -2.2454068069727520E-01 -2.4942591702901709E+00 -1.1556670282598858E-01
  2.4573974797038653E-01  1.0889825454538227E-01  2.8355516228540139E+00 -6.0327477774419949E+00  7.0417188502601107E+00 -1.4016144881357084E+00
  5.1535462218156018E+00  4.6836503889076447E-01 -5.5410483751101325E-01 -6.3925180958005046E-01 -3.1718305778658840E-01  1.4365731035215043E-01
 -1.3576277328208919E-01 -2.8399032847872050E+00 -1.9011100481032689E-01  7.4717745994195639E-01 -1.3488897842746123E-01 -3.6937834627596100E-01
 -2.0159015061794336E-01  4.1826502535332433E-01  1.4117708525155301E-01 -7.3698459337816569E-03 -1.8107978976923159E-01  7.8771680000667343E-01
 -3.3149083893106301E-01 -6.4184692228173059E+00 -1.9206252323675981E+00  3.4332942761267646E+00 -4.4717258593862956E+00  1.1846741003393844E+00
 -2.7172686355663069E+00 -8.1786195449011179E-01  9.2779270706626704E-01  1.7587209156841450E+00  3.3662585238460063E-01 -4.4488536452791488E-01
  4.6552784488666715E-01  2.9036458281711806E+00 -5.5246994348467271E-01 -2.8159756441510764E-01 -1.5217746636682759E+00  1.4696523056496716E-01
 -1.2865553095455338E+00 -7.7767254817525860E-02 -4.4482691601776941E-01 -3.3169286947583565E+00 -2.0538948825612322E+00  1.0766469192015613E+01
  1.5044397500031299E+00 -6.9646573674091028E-01  1.3448529302198400E+00 -4.0132549267589940E-01 -1.8657877307831252E+00  6.0190294261712085E-01
  9.8426703494417955E-01 -2.5607404530348325E-02 -3.2304105791964055E-01  4.6785076255382413E-01  5.3867573337926550E-02 -1.2453192646046207E+00
 -1.5013392992901966E+00  6.6365643543372022E-01  1.1596067807553634E+00  1.9532479867505781E-01 -3.8007288756675450E-01 -1.1306502634600535E-02
 -2.3752608647946541E-01 -2.9042205030889984E-01  3.7165419672914196E-01 -8.8152519223891768E-01  1.0173034482311774E+00 -3.4623213955635612E-01
 -1.0136953803913187E-02  3.8903145898825371E+00 -3.0021475041838431E-02  1.6587297626491104E-01 -2.5277360093217333E-01  1.3692239674516773E-01
 -1.0173699388533084E+00 -2.1258388336784395E-02  1.6474068336934353E-01 -1.2543411015301853E-01 -3.0579694590789808E-01  5.7494713635269284E-02
 -5.2815172894211976E+01  4.2022603591712056E+01  4.3706025434999837E+01  1.1629389242705241E+01 -3.1702162030026727E+01  3.2172798340805149E+00
 -4.5971283798764313E+00
ORDER     4 BLOCK     3
  8.8494718460128174E-01  1.0890701636177564E+01 -9.7718522606609479E+00 -4.2029987799086449E-01 -1.1607010482393143E+00 -3.2121664764745694E-01
  5.8521235505014788E+00 -8.9067295235799426E-02 -4.4453868533128880E+00  1.3693816398733778E+01 -1.6880996389346035E+00 -5.9389623566263108E+00
 -9.9360821701990798E-01 -1.7678577085478697E+01 -6.5855837951398462E+00  1.1597312005560859E+01  4.5054448825934390E+00  3.2145008905007275E+00
  1.0188529940014326E+00 -2.5669739178206319E+00 -2.3800784299907933E+00 -3.7655541228405682E+00  2.8959380364122991E+00  2.0413805024999894E+00
  1.1318892720616796E+00  1.1067176858826693E+00 -1.0406650521071343E+00 -3.6264618127494401E+00  2.6749425559448352E+00 -4.1641637441270136E+00
  4.0689675455861387E+00 -1.9380821386065081E+00  1.7910140082787067E+00 -1.3980909768743903E+00  8.7391008590231778E-01  1.5868736495942146E-01
 -9.3083111026103271E-01  5.7172478754491773E-01 -1.7664944554470601E+00  1.2479517945646985E+00  2.4227437133618590E+00 -1.3212031703314162E+00
 -7.4392033221153597E-01 -1.5767842612218685E+00  1.4126832791386690E+00 -6.6734613063918555E+00 -5.7566152461653930E+00 -5.9363564107449580E+00
  5.6016817651283235E+00  5.6239910527822659E+00 -4.5060721158328594E+00  2.7218440038540543E+00  3.2844036131292444E+00 -2.0829707317834862E+00
  6.9054215263350782E-01 -1.3079820441117127E+00 -1.9280730016759220E+00  4.7624635760308749E+00  2.7758130276785864E+00 -2.5159560124084521E+00
 -7.4619236097536190E-01 -6.9054195254700204E-02 -8.3509642671675022E-01  7.0401343997511978E-01  9.9105028136216777E-01 -3.3102778360323226E+00
 -5.7138712534631542E-01 -1.8785961037363466E+00 -5.7703603115366686E-01 -3.0115397164135702E+00 -1.8342181172772150E+01  3.6414783553170231E+00
 -2.4603985784960312E+00  8.3142579007363864E+00  5.0259170901693020E+00 -5.7511058114361702E-01 -6.2407552431756264E+00 -9.0065214522599968E-03
  1.3506823438539094E+01 -1.6885459420885187E+00 -4.7786300742192322E-01  4.8326437141826570E+00  1.7226057291398362E+01 -4.4424268990154951E+00
 -4.8332305959756230E+00 -1.3477391619082741E+01  3.7160226325925185E+00  4.9228083930325068E+00 -1.3664176555500415E+01 -6.2944341853278418E+00
 -3.2429702464045294E+00  1.3257800602702165E+01  3.9456004480645319E+00 -6.2470593766236482E-01  6.0471981685762222E-01 -1.5244299535118604E+00
  2.5886699189307469E+00  2.1680948093281409E+00  1.9108251399168619E+00 -2.8369984229474965E+00 -1.1631462519264220E+00 -1.1018683838281409E+00
 -9.0079759634655865E-01 -2.5549794500057055E+00  4.9067639780519130E+00 -8.4388514288158678E-01  2.9073784334705137E+00 -3.8510108872701125E+00
  8.8035351837091602E-01  1.1627116072237931E+00  4.7711158336027604E-01 -8.0707957196374966E+00  3.3655228723754784E+00  5.7889101217042260E-01
  6.2526814036934315E+00 -2.5479507384141011E+00  1.5286863287852620E-01 -1.6055083730345301E+00 -6.0370666147089480E-01  5.3520913532981285E-01
  1.0948740468076894E+00  2.9126796995362088E+00 -4.2168384489442357E+00 -1.8820052535160123E+00 -2.7205702715748714E+00  2.9143077921717833E+00
  9.9306225581063234E-01 -3.7271282028722208E-01  1.4162088879310517E-01 -1.2943406274602508E-02  6.5363272855700566E-02 -2.6230238954561563E-01
  2.8332931353874415E+00 -1.3683189059528058E+00  3.5070702834765379E+00 -2.8256343604868799E+00  1.1147154281979499E+00 -1.5597465477493355E+00
 -9.2414724487789068E-01 -9.2644439802008149E-01  1.3065773635110631E+00 -6.8442586083503831E-01  9.5468816145544588E-01 -1.8491578422962349E+00
 -9.0100481475346794E-01  2.7073998294947668E+00  6.9049529210433391E-01 -3.1090491396719004E+00 -1.3861288564801733E+00  1.1755058220444120E-01
  1.7901405357700187E-01  2.5809795269780278E-01 -2.1656115570438170E+00  1.8098839958008539E+00 -5.1793064231093922E-01 -4.9652744757984241E-01
 -1.9628565205745687E+00  2.7307895617147806E+00  1.0139860189663505E+00  1.2761195668454981E+01 -3.3193687691881477E+00 -3.9536624693420253E+00
 -1.1509279438724493E+01  2.2405752373688723E+00  1.4144971479555155E+00  3.4864723411625183E+00 -1.1915285462367016E+00  3.8672412225392039E-01
 -2.3655313737588607E-01 -1.5100887513614365E+00 -1.3007261471064611E+00 -4.6483808159519748E+00  9.3580209928061961E+00 -7.2424880809290038E+00
  3.1610094258947128E+00 -6.4207312073686786E+00  4.3865812870695091E+00  1.1958712775086235E+00  1.7262166791484053E+00 -2.8908886795497799E+00
 -6.5283600052619051E-01 -7.0165129329010298E-02  7.9026011571409205E-01  3.6002693632667571E-01 -3.0436145809903294E+00  4.3900913792495624E+00
 -3.1526667175316168E+00 -9.6801730018104788E+00  2.0050991662272106E+00  2.0083842263303540E+00 -6.1614159415683190E-01  1.7697520599690919E+00
  1.6529205929927224E+00  6.3852101663654945E+00  6.4006242968979787E+00 -1.9366349369419703E-01 -1.2962665839884848E+00 -3.6498475410704838E+00
  1.5816554672791716E-01  1.1439339962887706E+01 -5.7304651716203061E+00  1.0075763856686590E+00  5.1852708685847810E+00  2.8355639509617749E+01
 -8.5751869895057826E+00 -1.6594602364050090E+01  1.7535389002177205E+01  6.2190513261342097E+00  1.5366838155164253E+01 -1.8300759043311327E+01
 -7.1245291470822325E+00 -6.3651228084580804E+00  9.4920016416537434E-01  3.2444258588949957E+00  1.3919414698716781E+00 -2.3436750873974486E+00
 -3.1817113517753381E+00 -1.6546870502314652E+00  3.4798206201581019E+00  1.4249102946566976E+00 -1.6494841812776089E+00  9.8854501326250155E-01
 -8.0535182452118034E-02  5.3535367443454565E-02  1.6992743104170320E+00 -1.4542771830730614E+00  8.5560993792196227E-01 -8.4077832250199172E-02
 -1.0591717432588350E+00  3.5550915530196190E+00 -1.6506806776587687E-01  7.1258777198838619E+00  2.1805938256327290E-01  4.1613303709380203E+00
 -5.0248562360513551E+00 -2.9658455188415083E+00 -1.1279616417138620E+00  8.7526637174416226E+00 -1.5864892056125788E+00 -1.6650244301579957E+00
  4.1994947074354616E-01 -8.1552075855424473E+00  2.6043760689285707E+00 -2.3448495216371925E+00 -3.7210660127322917E+00  4.1157939752757322E+00
  7.0798942469931001E+00 -1.3938308157231987E+01 -8.6769651602809628E-01  2.4682677794643913E-02  2.9531717239513191E+00 -1.7314210512938394E-01
  2.9240764335521099E+01  4.9377551642114764E-01 -2.2394791320050498E+01 -4.0806003762292651E+00  1.1106657798314631E+01  2.8845579436775042E+00
  6.6825446738515182E-01 -8.7916155384381938E+00  6.1358087267884995E+00 -3.2385863819076453E+00  1.6142386991792797E+01 -1.6000639907260204E+01
  3.0804695946450242E+00 -1.4500029586986296E+01  1.2972205385934354E+01 -4.5335665456743335E-02 -2.1551157450385933E-01  2.0888699040876388E+00
  1.1273286755813225E+00  2.0997146739317052E-01 -1.8802930844177019E+00  2.3450774435126487E-01 -4.9066556953674336E+00 -1.8127181701674968E+00
 -2.7256616973362835E+00  6.0384637061157864E-01  1.6388517599010164E+01  5.1169480188063678E+00  7.5567598119790764E+00 -1.1007942636438108E+00
 -6.1362997461557300E-01  3.9323904088902508E+00 -9.5569553900898246E-02  1.9320308061975275E+01 -5.8144390848768399E+00  2.4780452604175753E+01
  1.3843175363481519E-01 -7.6878416934763125E+00 -1.7272691843120219E-01 -1.0029845521371989E+01  7.8023821578307855E+00  2.7654232678581581E+00
 -6.2077727581775326E+00  1.3861920976437945E+01  4.9972315188105787E+00  1.0845638534350398E+01 -2.8070153633957631E+00 -4.9631183943254777E+00
 -7.6755258086834459E+00 -2.3914092451992754E+00  3.3618049248162862E+01 -8.6599267649505904E+00 -9.7555542103915904E+00 -2.1505410099594144E+01
  9.7001764986643479E+00  3.0295230809059481E-01  2.5175499370999503E+00 -3.9134595385077051E+00 -3.2366157205174240E+00  1.2842833815385388E+00
  3.0213347274391853E+00 -3.5353838833766122E+00  3.7769331620185040E+00 -6.2530289248731190E+00  6.1047526808562278E+00 -6.3384281461159544E+00
  9.4884271192241243E-01 -4.2225796314153081E+00  9.6793839607810828E+00 -9.9015742607932056E-02  4.1974426016689828E+00 -7.8434588633873945E+00
  5.0851295638555416E-01  9.6054102093647442E-01 -2.8169405796968245E+00 -2.5762068516592587E+00 -2.6317837587604358E+00  3.5972925828989627E-01
 -6.7523997283908399E-01  6.3219755988604707E+00 -7.4096366294630844E-02 -2.4490678036469680E+00  8.7196428009252452E-02 -3.6351131344936221E+00
 -7.0463195175178068E+00  1.7409768945473909E+00 -1.9056236223383693E-01  1.0024051970568408E+00  4.6093383166339050E+00 -6.0155479319145027E+00
 -5.5514125283259586E-01 -2.4353992153140722E+00  2.7975303764092074E+00 -3.9848133973995741E+00  4.0423826613526224E+00  3.3329267151215514E+00
  8.4239778747861760E-01 -1.6798283508309397E+00 -5.9280580175758468E-01  1.6361391491313626E+00 -6.2054248165882866E+00 -5.2577247758132173E-01
 -9.1451200691122925E-01 -5.0949560081620797E+00  2.9563391764597600E+00 -1.3160790656116736E+00  4.0105655588256539E+00 -1.9777008517023498E+00
 -4.8675808696090179E+00  1.7417648898695635E+00 -1.0142133896589951E+00  3.6134353087998670E+00 -8.4729017673706686E-01  2.0354163444012947E+00
  1.1494016667387110E-02 -1.5644375541185360E+00 -1.6569207790916649E+00  1.4988704807684181E+01 -5.0008363145129735E+00 -8.5522426468780051E+00
  5.6878738241797251E+00 -1.5772377963308597E+00  1.5137375998647316E+00  9.6649815521778448E-01  3.2972143991192469E+00  3.1860718688414522E+00
  2.2351550211835067E+00  7.2281405890590662E+00  9.1529101408020885E+00  6.0533727318071469E+00  2.2919484530788509E-01 -1.0325881097175822E+01
  1.9993419733336637E+01  1.0236767295223659E+01 -1.8797241325714982E+00 -1.5803518172053452E+00 -1.5037928975797969E+00  4.6620253837404322E+00
  7.0309627979714451E+00 -2.2585430116926211E+00 -2.5331573532665965E+00  7.6756979393912266E+00 -5.7744897857710136E+00  2.5370487456995030E+00
  1.0423599791606248E+01  1.2144944259699802E+01 -1.2707114519900770E+01  6.8083325897033786E+00  2.3477308981145759E+00 -2.8665407165656407E+00
 -4.6825616578530145E+00 -5.4483513475665459E+00 -2.1094883902104700E+00  1.2127502007502024E+01 -4.4803073184668110E+00  4.7052080229081010E+00
  2.5092468789090256E+00  8.6544126247939235E-01 -2.3607989814049004E+00  1.5604706481099059E+01 -1.0096315746975064E+01  1.4889906012471412E+00
 -1.2321305276520031E+01  7.9331996217619682E+00 -3.4197673257093095E+00  5.9193821372221889E+00 -5.6708384125019720E+00  1.5677482631427463E+01
  3.4787023691156116E-01  9.6606916679108519E+00 -2.3837406469873105E+01  1.0375242090721872E+00 -7.1642558479976648E+00 -2.4475904324278019E+00
 -1.5015771964760043E+00 -2.1343614048805826E+00  5.2248255609994922E+00  3.3249907782390213E+00  1.4322730346404975E+00  3.3983263484284254E-01
 -1.2467282014720983E+01  3.0704373711119859E-01 -4.2981979281870748E+00  1.8812424112616082E+01 -8.2577907551729923E-01  2.7939058407672008E+00
  4.5442200429465292E-02 -3.4100890826087880E-02 -1.4432595614374031E+00 -2.3976974811547325E+00 -3.8148421798489751E-01 -3.8151495663147870E+00
  1.4041879264073853E+00  7.0966631327037843E-01  2.9520667789957578E-01  2.7044388609824116E-01  2.1482639949245760E-01 -1.0825698616569991E+01
  7.9942406988278392E-01 -5.7864234006225146E-01  2.6957943449591813E+01 -8.4573577588709414E-01  6.7084086829109435E-01 -6.8131610849435731E-01
  9.5370596566389229E-02  2.2818254866225982E-01  9.4597532933468953E-02  7.8999652988263347E-01 -9.0260472330515507E-01 -2.3707968381608526E+00
 -2.4916025407801108E+00  9.6517317510629863E-01  2.2149077603717444E+00 -2.1950824569437177E-01  3.9494738255320447E-02  1.4546326228261885E-01
 -9.3841328309224925E-02 -2.1048293033682466E-01  8.3927109270236366E-01  2.7097321767994713E+00  1.3414801048901193E+00 -2.0590752578109499E+00
 -2.3660891534991864E+00 -1.0837589925440170E+00 -8.7461650682049294E-02  4.0032626540074917E-01 -2.5538958015818597E-01  7.3702019836105845E-02
 -4.6011985785874366E-03  3.9773713191162324E-02 -6.6558655265570073E+00 -1.5572163800607678E+01 -7.7272365033798307E-01  1.9083784691987822E+00
  5.9132575542606629E+00  2.1618983662021729E+00  4.7360696861315005E-01 -1.4908044840989649E+00  2.7019953059760020E+00 -3.4749704048163386E+00
  3.7551710213353695E-01  4.8632026490205876E-01  1.0835928941995498E+00  8.5712593720709496E+00  8.9805136307601980E+00  8.6060069570564135E-01
 -1.4326122329569143E+01 -6.3650402143802500E+00 -1.1086198092696027E+00  9.4089650504696642E-01 -3.5618588424145048E-01 -5.5082778348693284E-01
 -4.8493126211672205E-01  5.8205554798309800E-01 -4.4315015395141399E-01  1.1821225526643382E+00 -2.5892339658535866E+00 -2.0156200232795939E+01
  1.1330679850926664E+00 -2.6827016751334258E+00  3.9796913434483514E+01 -8.4907576422180286E-01  6.7822167893334377E+00 -5.8036793904242268E-01
  4.2801044502913788E-01  1.9732717342813655E-01 -1.1328074864649988E-01  3.0966393738493456E-02 -1.9568058220516757E-01 -3.4131570065045165E+00
 -4.7643072391687796E-01 -1.9233300838400658E+00 -3.6790065585874371E-01 -5.7652702213826412E+00  8.4753610875661589E-01 -7.2468967522453442E-01
 -9.1534087539926867E-02  4.3696122097217316E-01  1.3044497317813264E+00  5.7268784205927350E+00  7.0101651677154644E+00  1.3289110143477336E+00
  2.5509902636925399E+00 -5.0093767358775461E+00 -3.2585196323410042E+00 -3.0349379418705928E+00  1.5112426580853688E+00 -2.9170185599334562E+00
  1.4639348127144606E+01 -2.6105385000783836E+00  1.9684314581869138E+00  9.3287147701972584E-01 -4.0646974569776928E-01  1.4177128792800018E+00
  1.3097891173830312E-01 -2.8204452668920195E+00  8.3556368331082348E-03 -1.9457160609866048E-01  3.3143219519277017E-01 -1.9169616549235848E+00
  1.8812412721310832E+00 -1.2079483525994734E-01 -2.8356171572852258E-02 -4.6368180231518741E+00  8.2994459904790663E-01  2.2567454553195232E-01
  6.6120772436544062E+00 -7.7798234091969398E-01  9.0617384946667004E-02 -2.3071770774220252E-01 -1.3731191212022692E-01 -7.0746647962484470E-03
  1.1429421985134701E-01  2.0017880711226479E-01  1.3332793778418561E-01 -8.0749399048004644E-01  8.9590586248073467E-01  2.3737310946128982E+00
 -1.0465011955070502E+00 -3.8578817203527804E+00  1.0307038809501825E+00 -1.6682005888018672E+00 -3.4920749431762124E+00  1.4661718273546880E+00
  3.8262468035581807E+00  2.7090297691960652E+00 -1.2845116922858313E+00 -1.1005153209780185E+00 -1.1252134230967321E+00 -1.5600677919443822E+00
  1.4847736510553308E-01 -1.5900052972638090E-01  5.0051987661605080E-01 -4.4098690153975095E-01  4.0876269234684612E-02  2.1753002665868829E-01
 -9.4593089853804968E-01 -1.3211259637869155E+00 -6.1557889122325058E+00  2.4595472009374157E+00  2.8001680185607425E+00 -2.4293288945070040E+00
  1.4408731974636311E+01  4.9620222893479127E-01 -7.3740864997581577E+00  1.3070565278102375E+01  1.3486694902984894E+01 -2.4603662188697215E+00
 -8.5714106029208068E+00  7.6793691766061825E+00 -7.7601324588031879E+00 -8.2220003240533543E+00 -6.9485199813851075E+00 -1.3105323964152467E+01
 -1.1172467379706681E+01  2.9672848505030647E+00  1.9550614006718035E+01  5.3944193806724146E+00  2.3012500837951544E-01 -1.0565311854377059E+01
  1.1093396420388704E+01 -8.0007867861745705E+00  4.2946923086280853E+00  4.8852557051816738E+00  6.2581718654903247E+00  4.1634166276480240E+00
 -5.2146269279484869E+00 -4.9837305372513638E+00  3.3571562416492076E+00 -1.6914447368598822E+00  6.3361288053640763E+00 -3.0591061451863704E+00
 -1.9211333084898203E+00  1.6950473631715279E-01  4.5508658057781055E+00 -7.0052589741253808E+00  5.9954706638360671E+00 -5.2620264349630261E+00
  5.4528421002806207E+00 -3.1513644107236711E+00 -1.5702652061093407E+00 -8.4302618802569207E-01 -3.1352172755472829E-01  1.5367731302942680E+00
 -1.8102911394918479E+00 -5.4717270896782608E+00  3.6842725729418619E+00  1.8093348301655043E+00  4.5239445416035906E+00 -1.0979589535463561E+00
  1.8400894701270938E-02 -2.0158596148668631E-01 -3.1458119288427311E-01  4.7256992083989191E-01  1.3967670939935632E+00 -5.5868178954389480E-01
 -5.0602227367954074E+00 -1.3192192003700591E+00 -1.0228116575472727E-01  4.8738385227620357E-01  2.8221649940349005E-02  1.1499933131333331E+00
  1.3408565281001669E-01 -3.4880257880059440E-02  6.7683542030389038E-02 -2.0571133449646850E+00 -6.5906835429660071E-01  9.6195111717151143E+00
  2.2288361693144081E+00  1.4148684934748657E+00 -4.9205470919875434E-03  2.9693037006214135E-01 -1.2085009160941182E+00 -3.0828145667014450E-03
  3.4631089629459801E-02  6.6522018461673960E-01  1.5412909687960745E+01  7.7917027565407304E+00 -4.2467117776403720E+00  6.3416811408772062E+00
 -6.2637233451873087E+00  7.6555832544432678E-01 -1.0426016410815520E-01  3.2488970337980203E+00 -1.3488575058285224E+00 -2.2989888989935596E+00
  1.8490713420445826E+00 -3.8144832586249215E+00  2.0252387453626501E+00  1.2116008861222380E+01 -1.9878081599465709E+00 -1.0343082321726336E+00
 -3.0409151948402037E+01  3.0949684919583065E-01  6.9617933687029687E-01  1.1564662821896683E+00  3.3273127769282094E+00  9.7212001700241990E-01
  4.4116661220469783E-01 -6.7408023224540359E-01  6.9791631386815656E-01  2.2842367726913282E+00  5.8841665697770229E-01  6.4387067628560084E+00
 -1.8149273041844822E+00 -7.3378603077529849E+00 -1.8118170523572783E+01  1.3170849299701874E+00  9.1535991816729805E+00 -6.2899819761498388E-01
 -1.7814524156156575E+00 -1.3712534491658304E-01  1.1079367172823460E+00  1.8597990933770708E-01  1.3267145108971465E-01  2.9529878767289008E+00
  5.5056281085526508E-02  4.6095218287154821E-01  5.7675404577389093E+00  5.7974479558468204E+00 -3.5568404491378440E+00  1.7177438778059575E+00
 -5.9175844877054118E+00  4.0509308609359067E+00  2.7688856495220562E+00 -2.2613184663691195E+00  2.3676731283331156E+00  2.4999996977903556E+00
 -1.1717677996775995E+00 -6.4553054962615364E-01 -2.2186187443958993E+00 -2.8182695682279473E+00  3.8011985008521409E+00  3.6790202016403213E+00
  8.2500207381363158E+00  5.7295970771939171E+00  2.6078484068578967E-01 -7.0385426580572776E+00 -3.1801641463057480E+00  2.8020322105290929E+00
  1.5334871981632564E-01 -2.3231092629762138E+00  4.9534428391632829E-01 -3.6810261758848406E-01 -4.7413066639691936E-01 -5.7160469998005610E+00
 -2.4189567447552105E+00  7.3335097492983203E-01  2.0590045072752603E+00 -2.2190714218033500E+00  3.6590495496732482E+00 -1.8672565825048708E+00
  2.3661571425002967E+00 -3.9610137327859523E+00  1.5161932040011061E+00  2.4282164897832104E+00  1.1348715559353633E+00 -3.2981364429064930E-01
 -6.5922413250897716E-01  7.7314861061006035E-01 -6.7961697831116952E-01  1.1923101353994623E+00 -9.0669774957154337E-01  6.2707017956626494E+00
 -5.4956799837500698E+00  4.8022626882113792E+00  3.1050630917165187E+00  1.0587348889855237E+00 -5.5189837154060282E+00 -1.2191425941267511E+01
  3.0356468949883966E+00  3.3587028449452609E+00 -2.4105508078165008E-01 -1.5633970969418323E+00  2.1632550422836179E+00 -9.0581744791653200E+00
  2.2719645826361687E+00  1.6137174205062510E-01 -9.8899814020883543E+00 -2.4866574919736411E+00 -4.0549774390437922E-02 -5.8049405739269293E+00
  6.2991532810219564E+00 -7.3439532377803518E-01  3.0728081167722312E+00 -6.4082299476215054E-01  3.2284174938240451E+00 -4.8152850563177507E+00
  7.6235124781162655E-01 -3.3892298501171005E+00 -1.2025168993053938E-01 -2.6224711145834445E+00  4.3855630365354976E+00  1.5631647557908628E+00
 -1.5268600770689775E+00  5.1820840770769383E+00 -1.4401371595250918E+00 -1.6934493249837079E+01  5.4073172010002213E-01 -3.1600262987878120E+00
 -3.6638789783943770E+00  6.8865526322504831E+00 -4.9034202031646981E+00  2.2748581113988941E+01 -2.4882779892856259E+00  2.8504867875596394E+00
 -1.4521951752572404E+01 -1.1634409486502586E+01 -3.3190163314118628E+00  2.8846871404459464E+00  1.9109818535946996E+01 -1.2571782390629227E+00
 -2.6244893653038419E+00 -1.4224267302530256E+00 -9.4755329930463728E-01  1.2413189876441185E+01 -1.1694622080407429E+01 -1.2736026617429234E+01
  7.6894083074079882E+00  2.5538985133760717E+00  1.1361731194808868E+00  1.8584288643942233E+00 -2.6866225925722165E+00  9.1035446197756631E-01
  7.3407835786373754E-01  7.1828668054172624E+00  1.5302599927093279E+00  1.5606356364798082E-01 -7.7849183184247783E+00  1.9378329971807895E-01
 -6.0236504947663339E-01 -4.4963395233347700E+00 -8.1894361174712704E-01 -2.0498532684181847E-01 -8.3418276395139557E-01 -1.3641528713304213E-01
  5.6017132065947627E-02  6.6238995383551522E+00 -6.9859196493341436E-01 -2.1601019905057131E+00  1.3625030050984845E+00 -1.8759078516268750E+00
 -5.4688339547445972E+00  2.5988736488177322E-01  4.7115002651173512E+00  1.7621694325643151E+00 -7.8921096967847149E+00 -1.1014820797689617E+00
 -2.5788428849848688E+00  5.8520196921698755E+00 -2.8536115356429992E-01  9.4583464754248425E-01 -1.0595035956929080E+00  2.6533506715533215E+00
 -8.9384609795860293E-01  9.7082863652548679E-01 -5.3541803903058516E-01 -9.5536012028185457E-02  7.3710049595071825E-01  1.8759071446281093E+00
 -7.8767217098241700E+00 -5.7244506183894002E+00  2.5235462037319660E+00  5.3100801764194374E+00  4.9126355917249285E+00 -1.6149544150954420E+00
  3.4029625075281539E-01 -1.6278584458358958E+00 -2.9960855411038562E-01  1.0951832021096197E-01  2.2588268452331675E+00  6.4314353164185689E-01
 -1.2540728095881641E+00  9.9337831733179460E-01 -3.4637585322442527E-01  4.9894019353325971E+00  8.9223480311039420E+00  4.8671131980177087E+00
 -4.1447535761569219E+00 -5.7251072121649604E-01  7.4218443401149814E-01  4.5863595943998198E-01 -2.6085640335840337E+00 -1.6227246690598771E-01
  4.7081571657729775E+00  1.3117251072990767E+01 -1.3444329131556962E+00  3.0477339650381610E+00 -9.9428895787278897E+00 -9.5024206245818144E-03
  7.8282643098653057E+00 -4.3485063144208684E+00  1.0275533411440105E+00  3.5081223811889234E-01  8.1689211516868110E-01  1.0748332396507143E+00
 -1.5769895801462603E+00 -1.3805273807576195E+00 -1.6648646416058612E+00  2.0960721846952186E+00  6.3065148608321309E+00 -8.7930813059236912E-01
  9.0960155748875582E-01 -4.8353001419310795E+00 -3.9832131570264471E+00 -1.3136749136038915E+01 -6.6652021512719717E-01  7.2607856994695377E+00
  1.2122207647033106E+01 -1.0625733139790725E+01  2.1136870993844378E-01  1.7902323952294164E+00  2.6603882962755150E+00 -7.6936093623015607E+00
 -1.7759885004403044E+00 -3.2182661943398667E+00 -5.5780105463883674E+00 -1.3401176603328624E+00 -3.4396777912707135E+00 -2.9131281513028382E+00
 -3.5776088344613357E+00 -1.3709941365666589E+00  3.4833836880524316E-01 -1.5096435539293859E-01  2.7208413630986406E+00 -2.3091948540451481E+00
  5.3709538497117091E+00 -1.6357570925211327E+00  1.7367533251311178E+00 -2.7431741683669966E+00 -1.0069630462345122E+01 -1.0951076125840142E+00
 -8.2264567477228230E+00 -1.1904233114823169E+01  1.6781131015166124E+00  6.6106696641514571E+00  3.1966512613899106E-01  1.6394174037295844E-01
  5.6089073977299222E+00 -2.1213537858939606E+00  5.6298506310159118E+00  1.7300234558570011E+00 -9.7143982495248693E-01  1.2209706530589635E-01
 -1.6527440057206042E+00  1.0992437798160093E+00  5.6667823463592404E-01 -4.0214590564575624E-02  3.9804994783893939E+00  2.0592006243791445E+00
 -2.0200649482723505E+00  6.5238565953253165E+00 -1.6206556999116626E+00  1.4723457403216043E+00  4.0542861185387122E-02  1.2366565505490627E-01
  1.4584078010483789E-01  1.0275995881400392E-01  1.0063515654141422E-01 -9.6006515396170819E-02 -9.6577626008750084E-01 -3.7904941132269183E+00
 -1.4653559145511670E+00  3.4446073410576528E+00  8.0871112354883348E+00 -1.9915714362450192E+00 -4.5231947956777860E+00  4.6609877017396935E+00
  1.2598075062663154E+01  3.5263548471518655E+00  2.3378478633082680E+00  1.4837986876313057E+01 -2.2496583276509661E+00 -2.8823992062806996E+00
 -1.1911210746615120E-01  2.8181365799230256E+00  6.4678081948954325E-01  2.6021210599793737E-01 -5.8409510388205543E-01  6.4257437082072333E-01
 -1.0797186783317166E+01 -1.9634795131983336E+00 -6.6029417841028182E-01 -1.9111460920253738E+00 -6.5344664013205795E+00  1.5135573791889747E+00
 -1.0784994321120760E+00  4.5502877011366882E+00 -2.9269515830891737E+00  1.1005830637356639E+00 -2.9054701290090956E-01  1.6852716006400639E+00
  1.1628111847882938E+00 -3.8301261710257661E-01 -1.4168580652749527E-01  2.2739957852444537E+00  1.6202031845401166E-01  3.4694426462519906E-01
 -1.5600491811062547E+00  2.6038916356499714E-01 -9.5270848069402003E-01 -3.8172042962677799E-01  2.4722099532475081E-01  2.1841749457073423E-01
 -1.0179373623132755E+00  1.5412146459885528E-01 -4.1095069020176078E-01  3.1419774953604684E+00  1.4581720204712189E+01 -2.3096181426469350E-01
  1.0889495980473807E+00 -1.1418563625180706E+01  1.9686948806852738E+00 -2.9652621753377723E-01  4.1134027879973745E-01 -1.3996289268381381E+00
 -5.7876589137252676E-01  2.9454983618647129E-01 -1.0448613848037017E-01 -2.3477578790711653E+00 -3.0085931641385582E+00 -5.2822647716776783E-01
 -2.5080810993035865E+00 -2.8469520914534341E+00  4.8012682516809541E-02  9.3940554440826785E-01  2.5456154866393002E+00  1.4673600002250036E+00
 -8.5636782704483361E-01  2.0577608723221563E+00  2.4497175521228041E+00  2.0874248448468036E+00 -3.6504638050624010E+00  2.8739293491258011E-01
 -1.3957104097401092E+00 -5.9491899656237901E-01 -2.3806753426882934E+00  2.1878794691967376E+00  1.6844708049403154E+00  5.8633727195791674E-01
 -1.6773056147984722E+00 -3.6418227336597040E+00  5.0877526447442580E+00  2.2884416351920320E+00  4.7639232561057304E-01 -9.3740344590802316E+00
 -6.2521467662499157E+00 -2.1160902471464649E+00  6.8819253949046963E+00  1.4538731298514884E+00 -8.8226707345666124E+00 -3.3076277838602053E+00
  7.7825091677454337E+00 -5.0824816073874111E+00 -3.4228522944030213E+00  2.0061836884153985E+00  2.5633234798071154E+00 -9.6168197941356304E-01
 -1.5756711434752517E+00 -3.5126355136935441E+00 -2.0705561851631562E+00 -2.0100378670491885E+00  6.9778307823397334E+00  8.6368299642811053E-01
  2.0166601078795265E-01  1.1878160564457496E-01  9.3403273024632000E-02  2.7292968976157788E+00 -5.4135317742432356E+00 -2.7965557817718270E-02
 -9.0420378650910962E+00  1.3853228153984913E+01 -5.4469140161755081E-02 -4.5897791513175762E-01 -9.2163152286726516E-02  2.1524942789700956E-02
 -3.7541539503778108E-03 -5.3106887990139857E-02  9.1564869067995236E-01 -6.0852366031023433E+00 -1.8034249696111496E-01  1.3012099948315398E-01
  1.5459727540888976E-01  2.1353553863263621E+00  4.3750356984006009E+00  3.8471958113160715E-01 -1.5939984420147848E+00  2.2588078844496109E+00
  8.7755735104306720E-01 -7.3743425452749689E-01  1.3239167421681741E+00 -1.5314994740583845E+00  2.0680842958488705E+00 -2.2899656080725461E+00
  1.7912226723251994E+00 -2.7511906632577028E+00 -1.2495857939377875E+00 -6.6264565246683667E+00 -9.1876815562305136E+00  1.2952853936542352E+01
  1.0248956252921776E+01  1.3368725919035243E-01  6.6448557505054717E-01  9.0056393077163233E-02 -1.8115530410279068E+00  1.4513718921027325E+00
  1.0632466691419515E+01 -2.3523560724648535E-03 -1.3676004774271699E+00  5.2977190484247136E-02 -3.3318721018393394E-01 -1.0342791272965239E+00
  1.4890904617271300E-01 -3.0244256668051346E+00  4.1129129061357211E-01  4.1428145575762922E+00  8.1388018197932084E+00  4.7108387724301082E+00
 -1.5937322081930165E+00  2.2199891888944143E+00 -3.2832658507598107E+00 -3.7057248536171850E-01 -5.2533583585123922E-01  9.3611471934036600E-02
 -3.0998092276340949E-01  2.9036062252994577E-01 -2.2378091651088122E-01 -5.4593229279669919E-01 -4.0236481324344151E+00 -1.4099797616489276E+00
 -4.4533855215280038E+00  2.7202540509224642E+00 -3.6540998549430548E-01 -2.3327036695445837E+00  5.4203272683380987E+00  1.3456792042656169E+00
 -1.4965409067946639E-01  2.0450862121021136E+00 -4.5376252468624972E-01 -1.4402933138294980E+00  1.6042445010032891E-01  1.5006097505918075E+00
 -2.2737148242511235E-01  2.0589728839680590E+00 -5.0562426298272314E+00  4.2967459437316169E+00  1.6686558876319744E+00  3.9365896354411349E+00
  3.1031369092255062E-01 -1.1958863093287448E+00  1.0853325404250098E+00  5.9340661248886373E-01 -6.6476405951009343E-01  3.9938408978254947E-01
 -2.3344693469879267E+00 -1.4432214899675444E+00  1.3691437116886007E+00  1.0356307513956291E+00  2.6850141052771765E+00 -6.1448663434969120E-01
 -1.0667114514808334E+00 -2.9875056436107494E-01 -1.1830622164501776E+00  2.7484866023849177E+00  2.2159652757704817E+00 -4.0330687080606786E+00
 -5.1179328288803436E+00  2.1907042127632750E-01  2.2748134507471280E+00  8.6283351049926758E+00  1.9884120585413779E+01  5.0900555738253950E-01
 -1.4072623027397551E+01 -1.1897637470654400E+01 -5.9226200649208458E+00 -1.6889323182367194E-01  2.4255632855755482E-01 -1.7057397299601915E+00
  8.1213555531851067E-01 -1.0904504932695460E+00 -7.6333079795419891E+00  7.4437277492236884E+00 -1.4189100120238940E+00 -1.7700560917592354E+00
  3.0029790912220440E+00  1.0596353823092781E+00 -3.7967739001651979E-01 -5.0778109307995001E+00 -1.4993968224734901E-02  3.1987790243134882E+00
  8.6974631562768874E+00 -2.0779691864396259E+00 -3.9530895108894457E+00  1.0965553870021234E+00 -9.4471664833661162E-01  8.4803838546592414E-01
 -2.9207372135466829E+00  1.9268589865437602E+00 -2.9352281451539731E+01 -1.0219286580109644E+01  1.5467395350485269E+01  6.5953995555047467E+00
  1.4014671129373664E+01 -2.3283971123344482E+00  2.1830010996475580E-01  2.5070054790474052E+00 -5.6792013540186981E-01 -2.8465761541218844E+00
  1.2866221810730660E+00 -1.0209879898157123E+01 -2.7378557588634820E+00 -9.5193555381372672E+00  1.8206237927438750E+01 -6.2114551423140019E-01
 -1.2983552461718993E+01  6.4389644218274222E+00  2.7752236776168995E+00 -5.7965913265395752E-01 -2.2824764794235586E+00 -6.7828246121816138E-01
 -6.2574617119177232E+00  1.5783846783717272E+00  1.7041300238150965E+00 -2.7418192226890836E+00 -4.0095242526751083E+00  2.9983053521497027E-01
 -4.1934458689448697E+01
