NUMBER OF SETS:
47  1
1: stre  C1-C2 *2
0   1   0
1   2   0   0
0.895 2.00
2: stre  C2-C3 *2
0   1   0
2   3   0   0
0.980 2.0
3: stre  C3-C4 *2
0   1   0
3   4   0   0
0.889 2.0
4: stre  C2-H8 *2
0   1   0
2   8   0   0
1.00  1.5
5: stre  C3-H9 *2
0   1   0
3   9   0   0
1.00  1.5
6: stre  C4-H10 *1
0   1   0
4   10  0   0
1.00  1.5
7: stre  C1-O7 *1
0   1   0
1   7   0   0
1.09 1.9
8:  angle C-C-C *2
1   0   0
1   3   2   0
1.5  2.098
9: angle C-C-C *2
1   0   0
2   4   3   0
1.0  2.098
10: angle C-C-C *1
1   0   0
2   6   1   0
1.0  2.098
11: angle C-C-C *1
1   0   0
3   5   4   0
1.0  2.098
12: angle C-C-O *2
1   1   0
2   7   1   0
1.0  2.098
13: angle C-C-H *2
1   1   0
1   8   2   0
1.0  2.09
14: angle C-C-H *2
1   1   0
3   8   2   0
1.0  2.09
15: angle C-C-H *2
1   1   0
2   9   3   0
1.0  2.09
16: angle C-C-H *2
1   1   0
4   9   3   0
1.0  2.09
17: angle C-C-H *2
1   1   0
3   10  4   0
1.0  2.09
18: out-of-plane CCCC *1
-1  0   0
2   3   5   6
0.5   2.0
19: out-of-plane CCCC *1
-1  0   0
1   2   4   6
0.5   2.0
20: out-of-plane CCCC *1
-1  0   0
1   3   4   5
0.5   2.0
21: out-of-plane CCCC *1
-1  0   0
2   3   4   5
0.5   2.0
22: out-of-plane CCCC *1
-1  0   0
1   2   3   4
0.5   2.0
23: out-of-plane CCCO *1
-2  0   0
1   2   6   7
1.0   2.0
24: out-of-plane CCCH *2
-2  -2  0
2   1   3   8
0.10  2.2
25: out-of-plane CCCH *2
-2 -2   0
3   2   4   9
0.10  2.2
26: out-0f-plane CCCH *1
-2 -2   0
4   3   5   10
0.10  2.2
27: stre0 O7-H13 *1  : 1.7 and 1.9 not working. optimized
0   1   0
7   13  0   0
1.0    1.6
28: stre0 O7-H13 *1  :  long range repulsive
0   4   0
7   13  0   0
 1.500     1.50000
29: stre0 O7-C1  *1  :  repulsive
0   3   0
7   1   0   0
 1.009     2.20000
30: stre  C2-C6 *1
0   1   0
2   6   0   0
1.00 2.0
31: 4cdp
-3  -2   0
4  10   3   9
0.1   2.6
32: stre  H8-O7 *1
0   1   0
8   7   0   0
1.00 1.5
33: stre  C2-C4
0   1   0
2   4   0   0
0.980 2.0
34: stre  C2-C5 *2
0   1   0
2   5   0   0
0.980 2.0
35: stre0 O7-H13 *1  type 5 
0   5   0
7   13  0   0
 6.00     2.0000
36: C1-H13 dist 
0  1   0
1   13  0   0
0.9   2.2
37: C2-H13 dist 
0  1   0
2   13  0   0
0.9   2.2
38: C3-H13 dist 
0  1   0
3   13  0   0
0.9   2.2
39: H - H distance
0   1   0
8   13  0   0
0.9   2.2
40: 4cdp
-3  -2   0
7   13  6   2
0.1   2.6
41: 4cdp
-3  -2   0
2   8   3   9
0.1   2.6
42: OOP
-2  -2   0
2   8   3   9
0.1   3.0
43: 4cdp
-3  -2   0
1   7   2   8
0.1   2.6
44: stre0 O7-C1  *1  :  gaussian 
0   2   1
7   1   0   0
 1.009     2.38000
45: angular section function
1   2   2
1   13  7   0
0.15 3.50
46: dist section funciton
0   7    2
7   13   0  0
0.35 2.7 
47: OOP C-C-O-H *1
-2  -2   0
7   13  2   6
0.14  3.0
1 1 1 1 1 1 1 1 1 1 1 1 1 1 1 1 1 1 1 1 1 1 1 1 1 1 1 1 1 1 1 1 1 1 1 1 1 1 1 1 1 1 1 1 0 0 0 2
