SURFGEN.GLOBAL Hd COEFFICIENTS FILE V:2.8.5
hd coefficient file of nh3 made with surfgen                                                                                                                                                                                                                   
ORDER
    4
COEFFICIENTS
ORDER     0 BLOCK     1
  1.7632157426563364E+00
ORDER     0 BLOCK     3
  4.9230399386220611E+00
ORDER     1 BLOCK     1
 -2.1796093681114241E+00  6.1990584889212910E+00  1.2373453398984204E-01 -2.9712894954375663E-01 -2.6542382291078952E+00  4.9659205005424795E-01
  1.4108719119838431E-01
ORDER     1 BLOCK     2
 -2.5391136133402790E+00
ORDER     1 BLOCK     3
 -7.2827148408875209E-01  5.9922387366540484E+00  8.8394354954240939E-01 -2.9088410570670420E+00 -8.5451385978600092E-01 -4.1150138878277414E+00
 -1.1345524664327011E+00
ORDER     2 BLOCK     1
 -1.0056780159617819E+01 -2.8222449700523407E+00 -1.3550495581575017E+00 -2.5111692819509552E+00 -2.2311002719251332E+00  5.2878071932543413E-01
  6.6251068721505946E-01 -5.1627194701857018E-02  1.9026232213315342E-02 -1.5639866354045482E+00  8.3473425934749745E-01 -2.9313370526313928E-02
 -1.9051591127730655E-01  6.9780568650336561E-01  1.4436054710304577E-01  4.5881049975795327E-02 -6.7292972647661861E-02 -1.4739882249522762E+00
  1.5459681068253024E+00  1.9087626850808417E+00 -3.7121009047411913E-01 -8.8812858205708015E-03 -1.1051333589880608E-01 -5.3655397331809601E-02
  9.8823669431394645E-01 -5.4131333211931620E-01 -2.7105308134774933E+00 -2.5295308047376750E+00  2.8740696588344843E+00  2.4224210316445758E+00
 -1.6389907130718839E-01 -4.1166093800537240E-01 -2.7841605975881523E-01  2.9682587442140678E+00  7.9348265121053407E-01 -4.0334257482728564E+00
  1.8383123848513325E+00  4.3997848943047977E+00 -3.3739584350225829E+00  3.0155797017095398E-01 -6.5356080659741123E-01  6.1701563080644228E-01
  2.7065277949765694E+00 -7.4658698407265978E-01  1.1813455697204196E+00 -1.1236849355893612E+00  2.4508426239248609E+00 -4.8171656139660035E+00
  2.3879580543143955E+00 -1.6993994077620518E+00  4.1314114357807643E+00  4.6388666558380331E-01 -4.4398762198158853E-01 -1.0962940803756072E+00
  6.8050880273398798E-02  1.9893163903840125E-01 -7.0489273828716703E-01  5.1367279615738122E+00 -1.1186988514713874E+00  5.4961066283612436E-01
 -3.4378929261085265E+00 -1.2239415680681973E+00 -2.5821537742874754E+00  1.8519542656602467E-04
ORDER     2 BLOCK     2
  1.5126260227833725E+01 -3.0237191096970495E+01  6.7819155244203122E-01 -2.2191282290845735E+00 -5.2528283975415624E-01 -1.0880897222464996E+00
  3.2139638223325213E+00
ORDER     2 BLOCK     3
 -1.2912997481921531E+01 -4.4827501827173624E+00 -6.3785530701886088E+00  8.5299519467050295E+00  3.2568016771414832E-01 -1.1018166120092930E+01
 -3.0000852283636998E+00 -4.6009766762310939E-01 -8.5176584511545705E-01  3.2869687653985689E+00  8.1476731351780030E-01 -3.9318728543583509E-01
 -1.0358190297295338E+00  2.7828693848792191E-03 -2.6532280290518095E-01  1.0513137644843749E-01 -1.1066853805624662E-01 -2.9362850558331555E-01
 -2.7798157692990977E-01 -2.6406477632711014E+00 -7.3220963262719174E-01  6.0797556369066652E-01 -1.5288780414844585E+00  4.8145424776747608E-01
  3.0430942257080131E+00  8.2613961157729843E-01 -6.2945537489825707E+00 -3.8175294351325837E+00  5.9916177982142234E+00 -4.4968058345081738E+00
  1.1234605395197952E+00 -7.5798611827022311E-01  3.5146560720843371E-02 -1.7078784883306306E+00  3.1499807371963282E+00  7.9525967437910765E+00
 -8.0830019046886570E-01  5.5228618224859147E+00  3.1723807283158396E+00  8.5768997980052708E-01  8.3244102020232109E+00 -9.9796697071407514E-01
 -1.7792300672575206E-01  2.6286097118283203E+00 -2.8647890683281481E+00 -2.6652748743493389E+00  3.8501094694938511E+00  8.2368413351604963E-01
 -1.1598860080801683E+00  3.1390426972188399E+00  2.3172827237147406E+00  2.7784759447258573E+00 -3.5722638613059532E+00  8.8200128612888770E-02
 -5.5729116856443861E-01  9.9144654025091192E+00 -5.7977036428752324E+00  2.3816530073835773E+00  1.1059348334481174E+00  7.1893037745676747E-01
  3.0983571102314345E-01  3.5970663548663149E+00 -9.7439091768295274E+00 -1.6276936625575442E+00
ORDER     3 BLOCK     1
  6.0462856203493045E+00  3.2440941685578917E+00 -8.0914311381404413E-01 -1.7226215191224703E+01  1.6463098129391380E+00 -3.2653633497102170E+00
 -2.5114856199969005E+00  1.1278477418816917E+00 -3.4270183033891799E+00  2.9615489839870781E+00  4.3959861475550766E-01  2.9333164429387432E-01
 -4.4846752598365045E+00 -5.7754343188220292E-01 -5.8748739803388483E-01  1.0222189715567147E+00  1.5470922559933360E+00 -7.1903331374265678E-01
 -1.8165363713437632E-01 -2.0647523894385342E+00  6.5292717130195288E-01  1.0448832930686387E+00  4.6951381234588787E+00 -2.8417908492275956E-01
  5.3601204025587587E-02  8.1722725780996319E-02 -1.1624203096771853E-01  5.8618358286926624E-02  1.3746703916939993E+00  3.3975429815358782E-01
  9.0056307321952800E-02 -2.2655445359829267E+00  1.1136505654575073E+00  6.6207871660881282E-02 -3.0675682429055433E-02 -6.8348440672504175E-03
 -1.8047507589051839E-02  6.6778535942462067E-02 -1.0227842265710758E+00  1.1389698594408741E+00  4.9362340737559738E-03 -1.8436196904891927E-01
 -1.0068995480497882E-01 -4.6957490427325821E+00 -3.8515218531197792E-01  1.9635391551158343E-01  9.6804108821464201E+00  1.3930026869789340E+00
 -7.5470208851539933E-02  2.5340904483446114E-01 -3.0995786042212625E-01  1.2851743812569724E-01  1.5136515003204726E-01  1.0999143317708168E-01
  7.7371641756211418E-02 -2.7353386559610313E+00 -1.3894733090301464E-01 -1.4401471867044850E+00 -7.7422158260453102E+00  4.0557162352540113E+00
  1.2633795464545265E+01  3.2545064761258469E-01 -2.7440160020702897E-01 -1.9881758508838029E-01  2.1899038868420281E-01  4.7961082348629663E-01
  1.2960728695126806E+00  7.5084946116236517E-01 -2.7098172239804290E+00 -1.2291831006826179E+01  6.2431838338534016E+00 -4.6825292321919880E+00
  1.5770243411851781E+00 -3.5191601825646446E+00  6.0016729117421121E+00  6.4552312062822956E+00 -2.0215669345443879E-01 -6.6546408069978824E+00
 -1.7459671508501433E+00  2.5373469966792106E+00  3.1820557974671169E+00 -3.0357305908938241E+00 -5.0917254259754792E+00 -5.5606128819114942E-01
  1.9405579694674384E+00 -4.2930992774609393E+00 -1.6569701835055479E+00 -4.5438671579224357E+00  3.0157214213898871E+00 -2.2985461888376553E+00
  9.9571714342087092E-01  3.4568801200626759E-01 -1.2880857120145215E+00 -4.9120385436398113E+00  1.0936525322902597E+00 -8.2844502002766429E-01
  4.3791386891089443E+00 -7.1184159674726311E-01  1.1841990324293938E+00 -6.3133143771278960E-02  1.8589075116584046E+00 -2.1248011435742059E-01
  1.3302517109328130E-01 -1.1842595920346569E-01 -2.0359072703328733E+00  7.4027836905145716E-01  1.2402693480392317E+00 -3.3586022856556645E-02
 -2.5227115924411475E-01 -2.4144282472480549E-01 -1.8292742931714452E+00  3.3166807401757270E-01 -1.0881808454693018E+00 -1.6254214441139141E+00
  1.6051024270681538E+00  6.2455280751401610E-01 -3.5157795201104369E-01  9.1060890421279950E-01 -1.1200215484625821E-01  1.1662867086324556E-01
 -2.9806128600582887E-01 -1.2398850363938498E+00  2.6028686191998979E-01  1.2524453960814288E+00 -5.8565408651244084E+00  5.7427489080897742E-01
  7.5899680052828211E+00  7.7204476191794977E-02  1.1309403243919944E+00 -4.2812058351087900E-01 -1.0873923309362761E+00  1.9435910907531468E+00
 -5.7434964025761026E+00 -7.8600850425775368E+00 -3.2373031637876393E+00  1.7363228803818178E+00 -1.4324034560032981E+00  2.3000591975487437E+00
 -9.2135625912589603E-01 -1.3204349958102042E+00  3.4996996279977362E+00 -9.8138586062622863E+00  6.1370653481451081E+00 -9.5532432938755534E+00
  1.3723353738240904E+01 -2.9477665490169418E+00  8.2694529326611317E+00 -2.0735057774404925E-01  9.2970280380992448E-02 -2.4245614507352958E-01
 -1.2178742626441190E+00  5.4741982721464777E-01 -3.1494997168445760E-01  2.8244714838085252E+00 -8.3785696472161986E-01  2.3663896656412882E+00
 -2.2222630107243851E-01 -4.9058562401748071E+00  1.0068084711401106E+00  5.5457491227696387E+00 -2.0833377404169124E+01 -5.5436815154798600E+00
 -3.1852586746657235E-01 -2.5445119637369724E+00  3.5982995206922079E+00  6.4359640944328618E+00  2.2329253160097178E+00 -2.4076500127089719E+00
  7.8189778634277802E+00  7.7969876328035959E-01  2.6956788120458630E+00 -2.9022064858336843E-01 -1.7616305665554068E+00 -1.6266835472226668E+00
  4.7060207912004032E-01  1.8348976561364418E+00  1.3819204042145481E+00 -6.8394136732837441E-01  2.1722821324507522E+00  5.5000948478284233E+00
 -5.8711272954141478E+00 -3.8450582314357944E+00  1.3029796804089790E+01 -1.1135511689487116E+00  3.1612451420209315E+00 -7.9794831022514741E+00
 -1.6439753067352264E+01 -5.7668961269183439E-01 -8.1099583730545728E+00  3.8801090896544710E-02 -5.2351994925967889E+00  5.5827651826464395E+00
 -7.2596250662627848E-01  3.0102155854954646E+00 -8.2047503399759081E-01 -1.7111366861958690E+00  1.5892875239807631E+00  5.3644967037338498E-01
  3.2942229521591049E+00 -7.4274858891200013E-01 -8.6821974178868430E-02  3.4861996991844046E-01  3.5895825421486034E+00 -3.4913065952955979E-01
 -3.4716264594822497E+00  1.8093680966884793E+00 -2.1560730426626684E-01  6.9732406174113276E-02  4.9846738724387307E-01 -3.8329939826408344E-01
 -4.3542305465971892E-01  6.4053199594326454E-02 -7.2979339159415690E-01  2.0569136978890845E-01 -8.3090387581573477E-01  7.9727759968571998E-01
 -3.0660094221496675E-01  1.5794247601938833E+00  7.1429808979880952E-02  1.3855177890940792E-01 -1.1963002258504195E-01 -7.6895311007886213E-02
  1.4663838084840916E-01 -1.0678655974417700E-01 -2.6162158211668172E+00  1.1204305285014347E+00  1.1690630843546433E-01  8.7367712065834691E-01
 -7.3744782730623037E-01 -5.8056994866104994E-02 -5.1920460136329664E-02  1.7146215312412940E+00  9.1518949144514827E-01  5.9322204758393859E-01
  1.9619880010371954E-01 -1.8354320385407794E+00 -2.8906328694311059E+00 -4.9034607612940395E-01  1.3192828760425315E-01 -1.6084488280246384E-01
 -9.7644811080219898E-02 -6.4617348593417140E-02 -2.4954816807757553E-02  9.0587675503893475E-02 -1.9405172655818498E-01  1.1913454456623045E+00
 -5.8682312499438311E-03 -3.6424165449169563E+00  1.0772399331738345E+01  2.3287030151588167E-01  4.5295674957803218E+00 -2.5153861292912197E+01
 -2.8496538658181207E+00  2.2916842771802470E-01  1.5437676040764256E-01  1.4464500729174663E+00  1.4804758565766449E-01  5.9784262383486997E-02
 -3.6506878538165954E-01 -7.0317654549599871E+00 -3.9989772973659254E-01  7.0481382620222510E-01  4.5099980572312930E+00  2.1461839908536611E+00
  3.3521229833561903E+00  5.3634351207903403E+00 -3.8466049938121566E-01  4.1567526492283929E-01 -2.5870025651664658E-01 -4.4642316231447599E-01
 -2.5987224946511165E+00  3.9191119140645396E+00 -1.3640034131663731E+01 -3.0513086727066185E+00  6.7866734909969209E+00  1.2357180026173696E+01
 -9.1835032301230672E+00  1.0150834255096721E+00 -2.6529102345135958E-01  1.2590436456215610E+00  7.8397856334612837E-01 -2.5951077798256922E-01
  2.0390964779139581E-01 -3.8102985500407991E+00  3.0899309144828044E+00  3.5639527212165687E+00 -1.5150333269599936E+00  1.9097369087877916E+00
 -5.8896693383980026E-01  1.3442401647097606E+00  1.3193949253791968E+00  3.9802261776350552E+00  3.3199182106617309E-01 -2.0684464850741104E+00
  2.4384693095784429E+00  1.3989316926766171E-01  2.0619655259581157E-01  7.3623864208596679E-01  5.1678240067938788E+00 -3.9426892112250589E-01
  6.9512870863395293E-01  4.1519655532583011E-01  1.9347407522080036E+00 -4.2851212871212341E-01 -6.6527298593990730E-02 -2.8364602323305941E+00
  1.0037834227132381E+00  1.4273876056124954E+00  1.5168325694293427E-01  4.8857439991173579E-01 -1.0204594209760470E-01  2.3435113411016379E+00
 -4.3704600749272232E-01  8.7972459434618133E-01  9.5850675976271046E-02 -6.8066504654731141E-01 -4.8949303773609609E-01  9.3253131364854958E-01
  5.6575198710729524E-01 -2.5772623836463560E-01 -4.4485241239684861E+00  1.2487007350587953E+00  8.1491096898462079E-01  1.1322994511675462E-01
  3.1718899180009261E+00  2.4469300527243246E-01 -2.9273117406098645E+00 -4.2962674262943429E-01  2.9645463352590142E+00  9.4496779492615357E-01
  1.2038239804172941E+01 -1.7786828962710249E+01 -1.1452862046492180E+01 -1.3755954598238522E+00  1.0009523418541786E+01  1.3729677901791386E+00
  2.0955431395908705E-02
ORDER     3 BLOCK     2
  3.0243286361945035E+01 -1.1128155073200636E+01  5.3973006187389583E+00  1.1503033566375697E+01  8.8394253871077400E+00 -3.9467735604388707E+00
  1.3006952263464866E+01 -8.3052804145184789E-01 -1.8881009429098686E+01  1.0045004210385805E+01 -1.6242113191280614E+00 -6.6896636447424507E-01
  1.5887778328613349E+00 -4.4055283274386046E+00  2.5800267490526702E-01 -2.3834019237078269E-01  4.4771870383121509E-01  2.6492369574769183E+00
 -2.0328791853656707E+00 -2.7571501458162349E+00  8.1024096044845102E+00 -2.9285866580102744E+00 -5.9917676503765860E-01  1.1242808892503989E-01
 -8.4905733533894256E-01  1.4950626978089038E-01 -1.1245728819490571E+01  5.4561980986690353E+00  3.5243290241109719E+01 -2.5045368484529568E+01
 -1.0287983721835712E+00  8.8840317000627458E-02  1.1019040843353142E-02 -1.7047643587488244E+00  1.6023392673663364E+00  1.1989207050585517E+01
 -9.2508279418085806E+00 -4.2998496659049543E+00  1.0760851650552969E+01 -5.8879678451170170E+00  4.4475822390326307E+00 -9.5719507569705009E-01
 -2.5809401259407636E+00  8.7487705295938878E-01  1.2923707552590752E-01 -9.9232465027977323E-01  3.4276763242369608E+00  2.3122198157076195E+00
 -5.7237049704218972E+00 -3.0669533035866090E+00 -1.9167704144152239E+01  2.8919018498657636E+01 -3.4015486132848669E+00  2.2974916523688460E+00
 -7.9086186441601392E-01  1.1417210779901232E+00 -3.0006154525717110E+00  3.2559703149874299E+00 -1.2516108301936808E+00  8.2230103770559726E-03
  8.6087222570295885E-01  6.1888906825366552E-01 -1.2647464898320122E+00  1.3030866456889585E+01
ORDER     3 BLOCK     3
  2.4631644987691967E+01  1.1465687212902123E+01 -2.8868987634051315E+00 -1.7485614092162358E+00  4.6162622517439011E+00 -1.7496077589227377E+00
 -1.9800456924383008E+00  2.0848674972035441E+00 -4.2106971573937138E+00  2.5965660112900020E+00  1.2012428524170842E+01  1.7844081097349807E-01
 -8.3897707709532376E+00 -3.7653313521883086E-01  2.6899376080033877E+00 -1.1348184033217252E+00 -4.3306197418000254E+00 -1.2222317818911923E+00
  3.4383648467822753E-01  6.3318358246284046E+00 -1.9173169934869549E+00  3.4076551540995842E-01 -5.7283097364730393E+00  4.9892577825410118E+00
 -3.7567606219908118E-03 -1.8859152366585299E-01  9.6890032472837853E-02 -2.0696162459194318E+00  1.3239493667911367E-01  7.0898407005358066E-01
  6.8700905593366901E+00 -3.0124862728984931E+00 -5.7095192052718080E-01  2.0670557171696188E-01 -9.5469522879112340E-03 -1.5808049607335961E-01
  2.0704833665057803E-02  2.6976312521653022E-02  5.0928689505007352E-01  8.8743243098000335E-01  3.0822410836788737E-02 -3.4427035466208795E-02
 -4.4776395140229575E-02  1.3233241212828203E+01  2.7437346829821410E+00  3.9586946394062359E+00 -1.8502471392636146E+01 -5.2037775251730061E+00
 -2.6970416324129411E+00 -7.7068744407557144E-01  4.6578405839538478E-01 -1.9227568943010347E+00 -9.9723527612628904E-01  9.6658361301424889E-01
 -5.2584523636923619E-01 -2.3746823701539697E+00  8.9719319568169947E-02  5.9620361444688297E-01  1.5766403010386021E+00 -3.5541984014748880E+00
 -3.9241330681986175E-01 -3.3177150418556671E-02  1.9371647929438293E-01 -2.4097134080471216E-01 -8.1116536666141903E-01 -1.0533265865617838E+00
  6.3970737117412240E+00  6.7440359848899059E+00  4.4643534568737875E-01 -9.5484675731372555E+00 -7.1862442202847872E+00 -1.6258124030010173E+01
 -3.7727342655302848E-01  3.6926573236957756E+00  1.8195428085148112E+01  1.8937428327736532E+00 -8.6916217476915278E+00  2.9486384218925750E+00
  4.2407782495080069E+00  1.5151343691999697E+01 -1.4282369990498667E+00 -1.5386370057894858E+01  5.4325610153068720E+00 -5.4989547273237198E+00
 -4.4730655113657019E+00  7.5081271202371793E+00 -2.6684815940004771E+00 -7.9682462074754685E+00 -2.4307869760541926E+01  3.8578011671376253E+00
  5.0248654695276607E-01  3.9969436388622304E-01 -2.4899955240008134E-01  5.4714607399117288E-01  9.2739027019265718E-01 -4.8654210345484084E-01
  2.6079640047643520E+00 -2.9734508410079354E+00  2.7845282407741045E+00  5.8703758445626675E-01  1.0419267691184919E+00 -7.9783762105377842E-01
  1.7448260484248598E-01 -4.4371889339580117E-01 -2.6367655962347523E+00  7.2438463338337700E+00  7.6712682597295911E-01  3.6588384834011850E-01
  4.3463339864001499E-01  8.3677807487808558E+00 -1.3059955201559836E+01  3.2968954085388953E+00 -1.5533268376791753E+01  5.7465806968422504E+00
 -4.4629999603923327E+00 -1.1772078845436156E+00 -2.6479787152195977E-01 -1.0906951797842743E+00  4.1133310224236747E-01 -1.9002779539926121E-01
  6.5488231651878093E-01 -5.3769798251869638E-01  3.4270301189336982E+00 -7.2455191989259857E+00 -5.2781395237541684E+00  8.7250309558999088E+00
  6.9451492479070156E+00  6.7705589137288245E+00 -2.7545319012676082E+00  3.5205835703691446E-01 -1.3375742703392599E-01 -3.7259071945454983E-02
  3.4522879907388999E+00 -4.8674005943132110E+00  5.3932143962280934E+00  3.0402170579419545E+00  1.6963263300293678E+00  2.7723979093955489E+00
 -1.6078503496348537E+00 -6.5377929857380301E-01 -1.5874710791618059E+00  1.1717593628163693E+01 -3.1434304765336583E+00 -1.2386704074553297E+01
 -1.7496401108254402E+00  3.6432703318863293E+00  1.0336309373082894E+01  1.1814525211733538E-01 -1.2238402053857775E+00  7.3960729519013635E-01
 -3.0495300592117456E+00  1.9333322614581556E+00 -1.5102206044234920E+00 -1.7537801291978008E+00 -9.9663722990247255E-02  4.6001860511675599E+00
  1.1700483811909296E+01  9.4580886887273845E+00 -6.5817238296538327E-01 -1.8003383001226407E+01 -3.3785851031874145E+01  2.6846482470095876E+00
 -6.0563838605771514E-01 -6.2674885853531990E+00 -4.6647392891245687E+00 -4.8050311861546842E+00 -2.7257501540099400E+00 -6.0397771778390252E+00
 -5.4662876569550036E+00 -8.1256299654718944E+00 -9.1030865665578653E-01  8.9134138192763679E-01 -5.7068697656131615E+00  2.6635802838730482E-01
  8.5880163755200647E-02 -1.4370386708939205E+00  4.0185748752351067E+00  6.0947012938307896E+00 -4.0717535472956889E+00 -7.1355576310421638E+00
 -6.2535199205898240E-01 -3.9068276054779418E+00  1.2920591383648038E+01 -9.2448759395864109E+00 -3.6792370587790524E+00 -1.0693034269859231E+01
 -6.2144545574561221E+00 -4.0192970766259570E+00 -1.8253798937029469E+01 -1.4550025795063188E+01  3.1641468246210116E+00  7.5560922813560327E-01
  4.9945745504971777E+00  2.0807089867146065E+00  3.5609954453453865E+00  2.8186492969303290E+00 -1.6701804112438032E+00 -1.6283627628480555E+00
  2.4552387894311511E+00  6.9607092378471807E+00 -1.9410387802125201E-01  7.7183001765496889E-02 -3.1207789647172013E+00  2.2947504203360491E+00
  7.5246726290835406E+00 -1.6939590455223772E+00  6.7898725616802130E-02  1.3618311811067749E-01 -1.8728510057096586E+00  4.5521370855694432E+00
  2.6393591242664133E-01 -7.1601609128938801E-02 -6.2165432967731582E-01  1.3096139680448264E+00 -2.2742317364920175E+00  2.4620682031029943E+00
 -4.2957432271368008E+00  5.2984373142281553E+00  3.7382952657785729E-01 -1.0560634348101730E-01  1.7819946178762963E-01  1.9837445380005095E-01
 -2.6353453666757304E-01  1.8611468575344681E-01 -2.5382590772576461E+00 -3.3319106681334967E+00 -7.7757232628582535E+00  6.3936820016526141E+00
  7.9538927587026534E-02 -1.0292199699315996E+00  1.2309977332478469E-01 -1.7105638767553302E-01 -4.0040096318203440E-02  1.9584316392139682E+00
 -2.3018715215164498E+00  1.0534095571030597E+00 -7.9597411664561184E+00  3.2610026160522447E+00  5.5677779666656191E-01  1.3673619013276472E+00
 -1.3410205695201651E+00 -2.1800981001304043E-01  2.3380025936931903E-01 -3.9308719947775466E-03  1.6577874138424437E-01  4.8335859244609054E+00
  3.9794310933580446E-01 -3.9244856145754339E+00  1.0580907574518088E+01  6.2750034315800276E+00  5.8139026731829251E+00 -1.8763409882723252E+01
 -3.8319787936183500E+00 -8.9822604131386252E-01  1.8006337450456977E+00 -7.4984957536624997E-01  2.5974548532129471E-01 -4.2159760555989623E-01
 -8.9581945643580407E-02 -1.0814055618366269E+00 -9.7570869931490312E-01 -4.2089079740913942E+00  7.3743669456627616E+00 -2.0530054362089141E+00
  1.0854474408979675E+00  6.3825975460975855E+00  1.0745277321509599E+00 -6.6267227788304373E-01  9.7410460580891714E-02 -1.6455945000949488E+00
 -1.6122462769837849E+00  2.1828238321110440E+00 -2.1059274652727410E+01 -1.1319646932202341E+00 -5.8731301724668028E-01  1.0732561556661119E+01
 -7.4719377105196019E+00 -7.4605816878330176E+00 -6.3751410836015596E+00 -5.3183891378392198E+00  1.5719370580359813E+00 -1.0192592060430654E+00
  2.2043022429849763E+00 -2.6539632073568140E+00  6.2010988259290496E+00  5.2269171431990529E+00 -4.8108068748557420E+00  1.2703856778333431E+00
  2.2283949986725216E-01 -1.5595359300732361E+00  1.0728916123929151E+00 -4.0114559090480562E+00 -1.2934540165694974E+01 -6.1858776062927878E-01
  1.4557898209520038E+01 -3.1448199199979254E+00  8.5434225617744897E+00 -1.6776609117766932E+00 -2.8649802703702769E+00  5.9480091851055690E+00
  4.6986487436138038E+00 -3.6717424563670589E+00 -1.6220284330561989E+00 -3.4012452453546222E+00 -3.1428313409244208E+00  3.6014565234972751E-01
 -2.1279899140554814E+00 -7.6732574674893805E-01  1.6043561939424180E+00 -8.2340673328071157E-01  1.3349856580089792E+00 -5.7062493659795468E+00
  1.2617424156537365E+00  8.1432034974594603E-01 -3.9380324317426885E-01 -7.5922553503951606E-01  3.4688368516316376E-01 -5.0884804937603505E+00
 -4.3482616056049617E+00 -6.9579000624524836E+00  1.3881685237348078E+01  3.5236964602840350E+00  2.1539572971109471E+00 -1.4985022422829594E-01
  1.4944883907623232E+01  1.7943354673039735E+00 -2.5858368866535639E+00 -3.4174983106673773E+00  3.0006996180619772E+00  5.3377190637265555E+00
 -2.2144540572911318E+01  3.2151300568334968E+01  1.0345438037847912E+00  6.0156894887100929E+00 -4.5420346802200378E+00  8.2205032880045152E+00
  3.9312102841055641E+00
ORDER     4 BLOCK     1
 -6.1651720856881431E-01  1.3162529793153475E+01  1.1851700282257895E+00  8.9949504318911355E-02  1.3166722715353714E+00 -9.8010257771874603E+00
 -5.8908615802606923E-01  6.7223589370021242E-01  3.7009599987802746E+00 -3.4522875011041245E+00  7.8894622767541112E+00  2.1739133061262788E+00
 -4.3989536362755821E+00  5.8620124391673141E+00  1.3470578010514087E+00 -6.2880462568736979E+00 -1.2809614900285495E+00  6.6940972461076409E-01
  6.0747322268952908E-01 -3.8228649521418956E-01  6.2261126459048421E+00 -2.0368435009353738E+00  8.0534000474603629E-01 -3.2811704644092807E+00
 -4.3341876277043841E-02 -1.0942988063343742E+00 -1.4281410567095532E+00  2.9095243408645186E+00 -1.6424583904592762E+00 -1.9882249283175704E-01
 -1.3786654107351599E+00  9.2901194942984466E-01  5.7772941189202920E-01 -4.5877810980491895E-01  2.2355402284645542E-01  1.5587450020194887E-01
 -1.8528483159962550E-03  1.0062830301753928E-01  3.7537303466119090E+00 -2.7571549182903108E+00  1.2658540716589128E-01 -3.3751525787169986E-02
  1.2698664726645609E-01  1.3110579741124899E+00  7.3394164155508912E-01  1.5939285054569226E+00  2.7126577898479822E+00 -8.1271369959172390E-02
 -9.4053471303514558E-01 -6.7551824940040184E-01 -1.6798673755168083E+00  6.8262275376353918E-02  8.3201866464662955E-01 -3.2788017042196549E-01
  5.0090461617323979E-03  1.1358372711365368E+00  3.0575989965623471E-02 -2.9417644302678330E+00 -6.6563114959964160E+00  2.1775788444873094E+00
  1.1514355548394615E+01 -1.0068315962560843E+00 -6.2202537126046875E-01  5.5894939602607241E-01  1.6429167228970187E-01 -1.0191444352288785E+00
  4.6177402878028682E+00 -5.7829905685191632E+00 -1.9104456872282116E+00 -8.7092770034807074E+00  9.2209887595106288E+00  1.3742799792179126E+00
 -2.9254039467333941E+00  4.2201032083797081E+00  7.3956899889044880E+00  6.4807751635594579E-01  5.2503113838908648E+00 -2.4046685679536974E+00
 -3.1217357466864080E+00 -3.6217233931149555E+00  1.5939125501489990E+00  2.4732045179430280E+00 -7.4579199559079870E+00 -1.3174628117011282E+00
 -3.5668664271762363E+00  3.3837453785446363E+00  1.0273060143910608E+00 -2.5874435783423144E+00 -4.6854534784102103E-01  2.9170459985434150E-01
  1.6752028265613590E+00 -6.8214975835748515E-01 -4.0145664642479473E-01  2.3987137190840963E-02  1.8850449018326960E+00  1.3108241096478204E+00
  2.5627150112324393E+00  1.6450455808680531E-01 -1.3557871085749096E+00 -4.6160135853736450E-01 -8.0419074052087458E-01  5.5126762776411875E-01
  7.1412991954912353E-01 -6.0712297052780899E+00 -1.9583173398574170E+00 -5.4961905543413814E-01  3.1213839309887796E+00  2.5179275631626208E+00
  1.3790668793839576E+00 -4.6287954598066283E-03  3.8636866743896309E-01  7.8743111812824440E-01 -2.1013926408086472E+00  1.7721326743774763E+00
 -1.0478593427186318E-01  1.7610295597576631E+00 -7.5115589742784983E-01 -4.9811465168694606E-02 -1.1613502954153432E+00  5.2412569630064347E-02
  3.7023483277068070E-01 -1.1043915401344269E+00  4.7962574559015808E-01 -4.1604838392299088E+00  7.9886513035685969E-01 -4.4369907967808686E-01
  2.4855503153627057E+00  1.2095893232938668E-01 -9.4702637104022117E-02  3.8905080735280417E-01 -2.3851468448438617E-01  8.0393380809204870E-02
  5.6250758620579222E-01  2.5195064190320595E+00  2.5676787349721848E+00 -5.3326295127616030E-01 -1.8222096768312346E+00 -1.3345330016189056E+00
 -2.6372030978985350E-01 -1.0064441077732167E+00 -6.2140517548935026E-01  2.2947608013756804E-01 -4.9588399097889445E-02  3.4452969917521292E-01
 -1.2836716779938213E+01 -2.1758933359658086E-01  1.1816744265390449E+00  1.5199229057994918E+01  1.3990915973360923E-01  6.3941024879069330E-01
  1.9311788153867204E+00  2.2186805499614468E-01 -2.1065079719354945E-01  7.8585818097333193E-01 -2.0359594111983706E-01  4.7920318369334242E-01
 -8.6513770889836705E-01  2.0312395278019064E+00 -3.4126917788567122E+00  1.9598117811910896E+00 -1.5569285653832423E+00  2.0992486081826369E+00
 -1.4895291174663907E+00 -9.3792199061309833E-01 -5.1321339282863510E-01  1.0304137427020252E+00  1.2057897354717897E-02  5.5700137957143048E-01
 -1.0457455135442335E+00  5.1400041279441901E-02  6.1124736834934135E-01  9.1196273396654703E-01 -1.5946926286284822E+00 -1.2168308711521361E+01
 -4.9207961433505765E-01  1.4410337797026711E+00  1.5261895991220612E+01 -5.2673788982481873E-01  5.1394609665398799E-02 -3.4189423591402185E-01
  1.0451818418990948E-01  5.1553034872136105E-01 -5.4335831264243528E-01  4.6976313574368968E-02  1.9530932521658079E-01 -1.5692054026460142E-01
  5.8183265543599660E-01  4.5070396804511406E+00  8.2821634883996023E+00  3.3558313774499591E+00  5.7262189005863862E+00 -2.9894287491688867E+00
  9.3890027277835986E-01 -6.0935320840229465E+00  6.2567743016048381E+00 -5.4555943303628158E+00 -9.5049852858269901E+00 -1.5299966640229159E+00
  8.0813341273265955E+00 -6.9226505092013757E-01 -2.2522357126831903E+01 -1.1738562634808739E+01  1.8584815229655192E+01  5.4167052151288306E+00
 -2.6159514668328776E+00  3.6539620868110467E-01 -7.4765640667501998E+00  3.2888599589149292E+00 -6.1018545568001992E-01  5.0483497881168020E+00
  1.1833445042066171E+00  3.1545739760155462E+00  2.5853741944055111E+00 -1.4384274083545983E+00  4.3318217656887494E+00 -3.0598055133445373E-01
  1.4496742563121894E+00 -3.3107119614137894E+00  8.9048559939932048E-01 -8.9839040958556216E-01  1.2555561640861677E+00 -1.5539560775073120E+00
  1.1017672950131994E+00 -1.1454703870025287E+00 -7.0124970828742716E+00  6.1130424040535578E+00 -3.7957562057279820E-01  2.0300979885059949E+00
  2.3951383372270691E+00  2.2105373021967409E+00 -4.4980317686188727E+00  2.5638643211092322E+00 -3.9615507162909700E+00  5.0412434321631299E+00
 -2.0031097576572616E+00  2.4935556230953790E+00  5.3604508485998403E-01  1.4031045414823251E+00  4.4852574338697021E-01 -7.5665015960354243E-01
  1.7925275839529808E+00 -2.8420742608031935E+00  1.9611219249323675E+00 -3.9268269230783837E-01 -1.7795350237863513E+01 -2.0027423746099284E+00
  1.6371071640287557E+01  5.2800456336055017E+00  2.1070713881026388E+00 -3.4367227667125877E-01 -6.4750575971116109E-01  2.0441887827035465E+00
 -5.2568288417298534E+00  2.1113448868648064E+00  2.5927711879638005E+00 -5.2059598337683788E-01  6.0759538791859118E+00  1.5310562935892573E+00
 -2.2940196795854528E-01 -1.6600327087063882E+00  2.2007651954985918E-01  2.3685583030512030E+00  9.1433981928864605E-01 -7.8699002282752986E+00
 -2.4338864309422306E+00 -4.5892022058725523E-01  5.9541873568813140E+00  2.7122781010240882E+00 -5.6320649054498706E-01 -3.2467825321111449E-01
 -5.3581282100893446E-01  8.7592683033917151E-02  1.0093703801792662E+00 -2.1015900977436681E+00 -1.7103106385278896E-01  1.8314769524995467E+00
  1.5514228352259783E+01  4.7650084951457981E+00 -3.0310031584686398E-01 -1.2616668025156501E+00  3.1128566223042853E+01 -2.3156679291507372E+00
  3.2449183177687702E-01 -5.0166980221681534E+00 -4.0506765245407026E+00 -6.5490447030685894E-01 -1.8631474009589033E+00  2.0671770048085115E+01
 -7.1930123074842345E-01  9.4262168200460756E+00 -7.4992872271127076E-01 -1.7407221536989187E+01  1.6256559605802927E+00 -1.0860031819521348E+01
 -2.5287229821017858E+00 -5.0720150772689481E+00  6.4171729453969188E+00  1.3180097506160241E+01  4.7226315269002912E+00 -3.2377378510571408E+00
 -4.7508920448192207E+00 -7.0339455336615915E+00  8.5677959918989437E+00  3.8518734155567946E+00  7.8763003049406759E+00 -6.5058953669154640E+00
 -2.7662876865589285E+00  1.5443476018888103E+00  9.6418548665611192E-01  7.8839430905540464E-02  8.7522233695137572E+00 -5.4336795783183944E-01
 -6.7444612871607124E+00 -9.1498281105140722E-01 -2.7105898372445902E-01  5.9514663549067537E-01 -2.1084536374582788E-01  1.3269658667469841E+00
 -7.1092717237604131E-01 -2.4719025445832359E+00 -1.0275099234339240E+00  3.2278179504207731E+00  2.0363599254857636E+00 -3.4389221690332117E-01
 -1.3782547236535818E+00  1.2465861688519526E+00  8.0454139343708064E-01 -8.1279844806845158E-01  1.5304183286284785E+00 -1.1585471434416046E+00
  7.4169179142912078E-01  2.3421722269240925E+00 -1.3710424296203663E+00 -2.9579181853357066E+00 -1.5335959872540134E-01  1.4525285747262380E+00
 -5.5494133349626062E-01 -2.0037537222128841E-02 -4.0652736605936459E+00 -5.1549247533389826E+00  2.8548823975558619E+00 -1.0194141809033315E-01
  3.3459035768725651E+00 -1.8082872533092909E-01  4.7397134285237952E-01  6.3905451646653025E-02 -6.9571947684124558E-01  7.2566537782206475E-01
  6.3709061701857694E-01 -1.7198448354122597E+00  1.0375624854287899E+00  7.6394828474623599E-01 -2.0704496827481469E+00  2.6333558681776165E-01
 -3.4772399141352159E+00  4.0386849956052845E-01  9.9106640649393418E-01  1.3036376813693222E+00  8.3140187985995351E-01 -1.4046926391658527E+00
 -1.6498847385081656E+00  1.4234974343468236E+00 -7.4393339537427172E-01 -4.4277987163815163E-01 -2.8857481155036008E-01  9.7288988642836227E-01
 -7.7698492287337040E-01  2.1548916888358913E-01 -7.3690470266650032E-01 -1.8939400434573239E-01  1.8064390074533594E+00  7.3721917232734968E-01
 -2.3868663461530573E+00  1.6025440315232947E-01  2.5262756557637354E+00 -5.3035612081189676E-01 -1.5185726311806835E-01 -5.1385764035467585E-01
 -3.2065891765532077E+00 -7.2110675686593790E+00  5.0061481544097326E+00  7.6019361973857424E-01  3.2351735781382582E+00 -3.6590485685680485E+00
 -7.2224832946759028E+00 -3.9050777042938489E+00 -9.5844332202647209E-01  9.5559149216122274E-01 -1.1926186110051142E+00 -4.7041183501874223E-01
 -1.0118390018311845E+00 -1.5140555130181799E+00 -7.7800540343469604E-01 -1.6593482381012481E+00  9.0511669821468577E-01  1.3835115063359413E+00
 -1.4615311575172252E-01  1.1002110700212786E+00 -2.6911406099194335E+00  5.5253648526436887E+00 -2.1564343976948783E+00  7.7308010576749231E-01
 -1.4393451198122189E+00  5.8667506665401037E+00  7.9110852716613671E+00  4.2570886027023516E+00 -2.4511201792251263E+00  2.4008549572425930E+00
  5.5355428568266127E+00  5.5185212316375827E+00  8.1546909274082040E+00 -9.2857399833063425E+00 -6.0191798371079592E+00  8.2267946317510332E-01
  7.0370619629722935E+00  9.7729206227029568E+00 -2.8271319043409560E+00 -5.1473612324753129E+00 -3.6114180720842675E+00 -2.0700903537126685E+00
 -4.9153788380105476E+00 -1.5085325747146139E-01  5.3032960276814771E+00  3.3964602847285112E+00  1.0558171057009174E+00  2.7783126385197603E+00
  1.3234690462814341E-01 -1.2817892447133918E+00 -3.0640809023581990E+00 -1.0741650400416516E+00  9.7767474253945208E-01 -2.0527427784607891E-01
 -1.7033265356770897E+00  3.3136919181252736E-02  6.0830411238711157E-01  2.6859300686485628E+00 -1.8154672531211146E-03 -2.4143904906310631E-01
 -1.5557008343834122E-01  2.4114777203991719E-01 -4.1864292620591055E+00  1.5684109982580317E+00 -1.3870319028260643E+00  8.6738804895240627E+00
 -1.9433617394588418E+00  5.6642577598372212E-01 -1.3853915675608661E-01  1.3210856506435223E-01 -3.3553106000770705E-01  1.8750931425285187E+00
  3.3684386924130127E-01 -1.1547568297802870E+00 -1.1422808676102429E+00 -3.2573085827581882E-01  1.0969088742998256E+00 -9.7503373865418894E-02
 -3.3418355061109228E-01 -4.8573985665364389E-02  3.8685487045210000E-02 -1.0199578853438935E+00 -1.8843056856965662E-01  3.4430044153868039E-01
 -1.3122344624773952E+00  1.5603023595443019E-01 -5.0433222251238541E-01  2.0696035330903164E-02  1.7151109359175740E-01  1.1746874826396431E-01
 -3.0159394596165214E-02 -6.5860294418213006E-02  2.6577981857449466E+00  8.8251243758395681E-01 -1.0538486736949595E+00 -1.3602036621373212E+00
 -9.0111702066182109E-01  9.6086030819894797E-01 -1.1184653990174526E-01 -2.3100421128478191E-01  1.3739797998446349E-01  2.9737977915797034E-02
  1.0040028525381921E-02 -5.8375828977002232E-03  1.0886875777677300E+01 -4.0588766982837826E-01  1.9522075636642273E+00 -2.1437052365811646E+00
  6.5762030081587430E-01 -1.7765279263000338E+00 -4.4909851141463719E-01  2.8418391512965414E-02 -1.3859405945409931E+00 -3.9112004307397197E-01
  8.0006918719919062E-01 -5.3029357748076089E-01 -3.4368463896382289E+00 -1.7073083475093485E+00 -1.6074809859888051E-01 -3.2484258760012825E-02
  3.8630545130238674E+00  2.6888015351751227E+00  2.7370257004136428E-01 -1.3887570386810991E-01 -4.8215713871673616E-01 -6.2051922606647669E-01
  6.8406960000086420E-02  2.2779135735999403E-02 -7.3381323615093599E-02 -2.0688280837999129E-01  4.5606727729553415E-01 -9.8024403867841925E-01
 -2.7091165565611077E+00  1.8833527824638876E+00  5.6988798152011757E+00  2.1538423870861880E+00 -2.8132441946568121E+00  1.3787951411592311E-01
  2.0135216139902226E-01 -3.3200812821748449E-01  2.4513379751099862E-01 -2.4093513702762956E-01  3.8289469922346203E-01 -1.8033490510118482E+00
  3.9400633620805575E-01  1.0007209827488267E-01 -5.1721160782404931E+00 -4.5121272669871848E+00  2.6122434012667002E+00 -3.3955278933633739E+00
 -1.2897331149502307E+01  7.7223416824860971E+00  1.4025737590419446E-01  4.2060849924619523E+00 -7.0079410947528826E+00  4.6384516079642832E+00
 -6.6206882547408847E+00  3.2278913984953856E+00 -2.7838030063994115E+00  1.9261332240824656E+00 -1.6979198292363125E+00 -3.9609505738932449E-01
 -1.1482532621808539E+00  1.3191205597581295E+00  3.8823881486313044E-01 -1.7178723641717750E-01  1.0501971871908036E-01 -1.3758687497840165E+00
 -3.9000175455030685E-02  2.8692939708576608E+00 -4.2463633546227841E-01  1.0595096647031776E-01 -1.3931153983272646E-01 -1.8794211375505265E-01
  2.1040160662278268E-01  1.2962046400783353E-01 -7.4974063246639577E-02  1.2312332481146868E+00 -5.2919541212696397E-01  4.3333708120022879E-01
 -3.5091760412379638E+00  3.8131963914530909E-01 -2.4368113241874997E-01 -1.0277488885105590E-01  4.2968833869584118E-02  5.5575314468337515E-03
  1.5465400926821748E-01 -1.3953156442414291E-01  1.4737937443769231E-01 -4.9916344308440219E-01 -1.0617984469744815E-01  1.6386391188428897E+00
 -4.7052798524683914E-02 -2.6360970375189674E-01 -2.0162939378983760E-01  5.0482947323466887E-01  6.4948586022825028E-01  2.6102791509859329E+00
  1.0067924631940476E+01  4.9422363150906878E-01 -2.1241061252580447E+00 -1.4548985388703706E+01 -4.3122091967211901E-01  4.7039588167711743E-01
  2.9078449672553996E-01 -4.3705542316581539E-02  2.5641975288647301E-03  1.5193010001275592E-01 -1.1649052571777814E-02 -6.5584328563533367E-01
  1.4256147740337975E-03 -5.8445000620627560E-02  3.4722605894163081E+00 -5.1566721882531503E+00  5.4079479522985547E+00  7.5802873761232359E+00
 -1.7953578177660359E-01  9.4502397359012189E+00  9.8666899586220114E-01  9.9712667740319638E+00 -4.6604501545710457E+00  2.7820104469565528E+00
 -2.7626759750321965E+00 -2.9916651251672994E+00  1.1398104117269816E+00  3.3166047209806524E+00  2.1091274370811237E+00 -2.0591977053605657E+00
  9.3360451121367982E-01  5.7763079118803855E+00 -3.1278664161198906E+00 -2.3510557737861717E+00 -1.0657929931653898E+00  1.5377665134156722E+01
 -5.1292027643798352E+00 -7.5612667506697511E+00 -2.3695284474819694E+01  3.2232161818753631E+00  5.6848668949090291E+00  4.3481346786888930E-01
 -1.1856879848307087E+00  2.7660253207303181E-01 -5.7201949403899577E-01 -4.3590337122318914E+00 -2.1362391901949071E-01  6.4395947347953494E-02
 -4.4616183320667850E-02  5.7297007354708010E-02 -6.3335232008100499E+00 -8.7313442997680235E-01  4.8757037783903617E-01  3.6696721168159030E+00
  1.5821557137443327E+00  1.9263165184387263E-01  3.2358619270801242E-01  9.2479730222908438E-02 -1.0272109696215409E-01 -7.7564922431745869E+00
  2.6860591183327998E-01  1.1046786739315535E+00  7.1766588968760141E+00 -1.8937213337160683E-01 -8.3913570021399808E-01  2.9638762109234211E-04
  1.3275051047829939E-01 -1.2880047527122382E-01  1.5783049313754000E-01  1.5979377694547900E+00  1.0264225455443752E+00 -8.6311233887291317E-01
 -4.1631448882297079E-01 -8.3649399740766883E-01  9.2350036925542356E-01 -3.6214868380832349E-02  4.1228179521539579E-02 -1.5669322732400215E-01
  3.4610812599401258E-03  1.6041067474863160E-01 -5.1087519959325176E+00 -5.6752115059837627E-01  1.6078644212583402E+00  2.0503391699369851E+00
  6.8911356922885725E-01 -1.2988292881450492E+00 -2.4111399638028783E-01 -3.0717192354707246E-01 -2.6910114952986345E-02  7.0678389604327693E-02
 -3.1353927107171864E-01  2.1203407181334455E-02 -6.4659760069113377E+00  2.1260208507527212E+00 -3.1408387521120207E+00 -9.0152462982266091E-02
 -2.6985463753997143E+00  3.3770326935935624E+00  2.3102504629905494E+00  1.2038349704753886E+00  1.3681534336148884E+00  3.8842870992198392E-01
 -1.7877203075521678E-01  1.1161457169720601E+00  3.7415892321121524E+00  3.8983492808605065E+00 -1.5783688155538364E+01  2.2233109520595118E+00
 -7.6494504724132737E+00  2.0095291918110661E+01 -1.9974485815205516E+00 -2.4632270310115972E-01  1.6824017916203193E-01  4.5171161155607026E-01
  1.6040387741332564E-02 -2.8866184097538794E-01 -1.2734428606958399E-02  9.0886439703847721E-01 -9.7731486334637574E-02 -1.6950369189849395E+00
  1.4299222794292392E+00 -1.3074840076139028E+01  4.8108411078722657E+00 -1.5022986702813064E+00  1.8792587353469191E+01  8.4546459009342745E-01
 -3.1285475927381839E-01  3.7214052400997466E-01 -4.8380215591935943E-01  2.6793252839728254E-01 -8.7957402019881925E-01 -3.4062799995434051E-01
 -5.8587903168076638E-01 -1.6730822339521215E-01 -3.5306556433048106E+00  1.2638880264098646E+00  4.5518758279752980E+00 -2.5982162965494382E+00
 -3.3743653362473702E-01 -3.2415609139314210E+00  8.4212116900266110E-01 -6.2916180745097516E-01 -5.3169571243964608E-03  7.5917881045867941E-01
 -2.6506908244571187E-01  3.7650094695288105E-01  3.1835274157884306E+00  1.6955956446514897E-01 -6.5977306610140063E-01 -1.0008230957644819E+00
 -2.3911343672822474E+00  1.4942580965758834E+00  1.9122226231774981E+01  1.7359782138607565E+00 -1.0056105800117254E+00  1.5247167817627202E-01
  4.2803960210181380E-01  1.2422244105384524E-01  4.6253768312165383E-01 -2.8759247545975070E-01  4.6094692779322555E-01 -6.8420220753864722E+00
  3.8665063956085804E-01  9.9900078285016139E-02  8.6229692570570693E-01  5.3364541756640116E-01  3.3523120178080186E+00 -3.0328642889426951E+00
 -3.4766366459545056E-01 -2.3512684039564884E+00 -5.2158038000213314E-01  1.3945273425761077E-02 -6.6913361104726099E-01  3.2581897590393077E-01
  7.3964306524891776E-02  2.8554352012602324E-01  7.8175316325692662E-02  1.8089081337015062E-01 -2.6086001750616772E-01  5.7019269717951735E+00
  4.5783921419272966E-01  9.4452693661402820E-01  3.3634559132672881E+00 -1.6829275198521643E+00 -1.2502603491427733E-01 -7.7444870767903884E-01
 -3.8133943283692084E-01  2.9906637159588173E-01 -1.4422563814084419E-01 -3.7343158946951168E-03  2.3412662552340155E-01 -4.6174179058637659E+00
 -1.2629862227690108E-01 -2.4099605028961132E-01  9.3266937936508887E-01 -8.4457629811100232E-01  2.9296223542333849E-01 -5.6344841851553857E+00
  9.2560990457567556E+00  1.0295785220868514E+00  5.4672893917502980E+00 -1.0687423927005240E+00  3.4667156791151149E-01 -1.6378552756033080E-01
 -1.4452354771463061E-01 -5.9272549352343011E+00 -6.4679812392850289E-01 -3.7613057212244028E-01  5.5384787268723493E-02  5.5818313474933845E-01
 -5.9232381087928854E+00 -6.7964034128136710E+00  4.9806118961200285E-01 -3.5554007985516760E+00 -9.6785153179828409E+00  7.9158075396439598E+00
 -4.1033666444998956E-01  7.8227533505929134E+00 -1.1610618261769641E+00  3.1099799853526546E+00 -7.7021162940646235E+00 -5.2949808706074042E-01
 -1.9414797362376517E+00  1.1035425486439914E+01 -9.2870009547420551E-01  9.0892135039740152E-01 -1.4878253760883981E+01  7.5918027951579614E-01
 -8.8057434476545682E-01 -4.4494541056502357E-02  4.2937613361749512E-02 -3.6657357942041666E+00 -7.6050699291681634E-01 -1.5483023864927641E+00
  1.4245282960840238E+00 -1.3438088575158147E-01 -7.0489781840400212E-01 -9.0961236324863060E-01  5.3233251782423607E-01  3.1535301220345680E-01
  5.8265433745175753E-02  6.7780103675786185E-02 -3.2562827473548783E-01 -1.3168551998805171E+00 -1.6328690394935712E+00 -1.2068758207732951E-01
  7.6172864591143308E-01  1.0279354000720153E+00 -8.5143267282225071E-02  6.9409591644083568E-01 -2.8539047529118672E-01  1.6040167507409298E-01
 -1.0796371338409502E-01 -3.9236895184118659E+00 -7.7348519134583005E-01  1.7018146441487572E+00  1.9589349115911789E-01  9.7147806371623027E-02
  1.8851386971777786E+00  2.8735957076547064E-01 -1.1895026214345452E+00 -4.3368050259257975E+00  1.9481630025243781E+00  2.1372512039425331E+00
  6.9497168079682945E+00 -3.5932719051999524E+00 -1.8205643794726214E+00  3.4407494201062655E-01 -6.6593370669340013E-01  1.0798618978766608E+00
  3.8391732641953147E-01 -6.2553897307021522E-01  3.4596797252823219E-01 -3.3798995181248204E-01 -1.5049713112934482E-01 -4.3786242048458618E-01
 -1.3316741564939429E+00 -6.1054455146458908E-01  1.6873287860697994E-01  1.4453602750271759E+01  6.8301637054711228E-01  1.4670676367043745E-01
 -8.7734532030510043E-02 -2.8652045490853562E-01  2.1375005009325072E+00 -2.3989300832747346E-01 -3.5048688654162213E-01  1.4337433756053918E-03
 -4.6264102774917601E+00  1.4951208823926210E-01  7.3450113890615665E-01  4.2308989590542145E+00  1.1587513335495749E+00  1.0412789127938080E+01
 -3.2865058442073875E-01 -5.1652951703932840E-03 -3.0720474332817116E-01 -3.6647861863837888E-01 -5.3565872082160757E+00 -3.6382529732096619E-01
  7.9086677780447161E+00 -2.2434501501648350E+00 -3.9031174112288545E+00  4.1945567548501010E+00  7.2239752891298947E-01  2.3731522445183275E+00
  9.2626343845892778E-01  5.5181527747303372E-01 -2.1772492351586079E+00 -9.1476005058990639E-01 -2.4592555188655044E-01 -2.4157047566175568E-01
 -4.5179970238211613E+00 -6.3545002583471555E-01  4.9168555610136444E-01  1.0711771463900613E-01  9.7264859573791287E-02  2.1675742301763778E-02
 -1.2646807949653143E+00 -3.4007452031177504E-01 -9.0242148407732596E+00  4.3968816447580877E-01  7.7994190436159645E+00 -4.1293470168179253E-01
  1.9766239845770867E-01 -2.6985935769612688E+00 -7.7781205637094623E-03  6.1282695077056226E-01  3.9721944394167102E-01 -1.8025900546846402E-01
  6.1741223152817037E-01  1.6361096501457362E-01 -1.1886832230193141E+00 -1.1511448176518255E+00  6.0457447374451700E-01  2.9932543987705740E-01
  9.7375333278305778E+00  1.9223159576746418E-03 -8.0246644325979266E-01 -2.1057596006704821E-01  3.9243655882003625E+00  1.0764595406871194E+00
 -1.0955598397463691E+01  2.9148562986690356E+00 -1.0098123858002028E+00  6.0687348261986251E+00 -6.6581174915703134E-01  1.7422542560131304E-01
 -2.4956593987742974E+00 -1.9065144500025275E+00 -1.0725626797970245E+00  2.0289131023134828E+00  8.1119910206473939E-02 -7.8721996129807584E-02
  4.1910854972511427E+00  1.9909917554391679E-01  4.1634007563989295E+00 -1.9161335467438054E-01  4.2957299122477161E-01 -8.0574658502798754E-02
 -1.8465992476287726E-01  1.8032634082894666E-01  5.1623751264475257E-02 -5.4491172437425316E-02 -1.0404298742420961E+00 -6.7620999956857636E-03
 -3.4239083573686113E-01 -1.9094510938864686E+00  3.6930003485315159E-02  2.8962094550770756E-01 -3.0160613065613900E-01 -6.8089784920745050E-02
 -4.0483778413376040E-02  1.2355708171765228E-01 -2.0940205931719630E-01  1.0034022528386680E-01 -3.1197491786149778E-01  1.6587038419346480E+00
  1.0008554653924118E-01 -3.3873563367718389E+00  6.3362008493749200E-01 -3.5233898606702927E+00  1.1232196467057667E+00 -2.6143962205841840E+00
 -4.6189654009768768E+00  1.4174658857022657E+00 -2.7073582201697821E+00 -6.1000485433360243E+00 -8.6526837531440137E-01  2.1966708626641727E+00
 -2.2837429526364666E-01  4.1859983268712347E-01 -1.9071254508653251E-01  3.4405930369901243E-02  6.6102112319873951E-02 -1.9812234860713211E-02
  4.0200222231507290E+00 -4.0198661805497238E-01  4.3524730519713756E-01  1.9050278098772362E+00 -2.2962462885873496E+00  2.3032181991574405E+00
  2.6969959206289769E+00  1.5191751858653126E+00 -1.8208925781074965E+00 -2.7797950505377472E-01  3.4579584892309614E-03 -1.4693730388402734E-01
 -9.4127492849016364E-02  1.0163528731500461E-02  1.2398827997790141E-01 -2.1600310311004711E+00  3.8693878252462727E-01 -5.0158393181069660E-01
 -3.2224422928829105E-01  5.8636047648657807E-01  1.9935862077273860E-02 -4.2334625292861416E-01 -3.5889678982439846E-02  2.7590188867630427E-01
 -1.3491183646825880E-01  1.7957636631815547E-02 -1.5151172004184513E-01 -6.6362217687582969E-01  2.8552833874134289E+00 -2.5805059758899476E+00
  4.1312272719346210E-01 -1.4885833122507666E+00  1.9030838321812096E+00  5.6323317769731718E-01 -6.7430661814067960E-01  3.8296701006893093E-02
 -7.6053761241548334E-02  2.5610994263980141E-01 -1.5666048001260996E-01  6.6408384834824130E-01  1.4263160890905364E-02  5.1629136199303527E-01
  7.8106747353563510E-01  5.5364380846930972E-01 -4.1119677616135381E-01  9.4093127566924162E-01 -3.5937847965059078E-01 -6.7568232484279223E-01
 -1.2311429575647188E+00 -1.5724496417652398E+00  7.0594438364376999E-01  1.6563460740552641E-01  3.2482117980679426E-01  3.8889394456402104E-02
  1.2181401004075758E+00  3.8562981177997463E-01 -4.5755487547270934E-02 -3.4965545210504698E-02  1.3041715150571346E-02 -6.7034248255196360E-01
 -2.3548047573414803E+00 -9.3705013556426682E+00  3.4380503752572933E+00  5.6705906459809370E+00 -2.0967988392532018E+00  5.9286290946082980E+00
 -5.1264877048904589E+00  3.0549336907479041E-01 -7.9370922678141556E+00 -1.1626935292053606E+00 -1.0386012849011883E-01  2.1609888033578133E+00
  6.8831373169354215E-01 -4.2835829257927296E+00 -7.7296574039153176E-01  7.7440663420232738E+00  5.9210898512507670E-01  1.0265606255330771E-01
  1.0337938547378782E-01 -4.1303647129081043E+00 -1.1773063508521866E+00  1.9772526817448770E+00  4.0367950929605740E+00  8.2284028035170509E-01
 -3.8114978233691427E-01 -1.4397028086417987E-02  3.1082193476908682E-01 -1.1722212865852446E+00  2.4800337612736956E-01  1.3350896455245920E-01
  7.2075303674524582E-01 -4.1703143879287047E-01 -1.4539072278431178E-01  1.2142898973406573E-01 -1.1385405515880918E-01  4.7725709929595163E-02
 -2.5938145109578124E-03 -2.7278824744373289E-02  9.5597454491015721E-01 -1.9798661759038243E+00 -3.6795175182636392E-01 -5.7281616671072330E-03
 -6.4750403623467789E-02 -5.6228824579911452E+00  9.0559103864846591E-01  9.4958476841769912E-01  2.0001361637348705E+00  1.2573915308371084E+00
 -6.9646974423232177E-01  4.7718738944136435E-01 -5.8609343361611654E-01  2.6454622418510093E-01  2.2413556279811109E-01 -1.5739473026746831E-02
  3.3508835476697935E-01  6.7102406133056502E-01 -2.1677659263691224E-01 -3.8780919575624112E-01 -8.7406099925585201E-01 -2.8243283616943560E-01
  1.1292762493916246E+00  1.2529876026117615E-01  2.6647364134874740E-01 -4.6074827598671805E-02  1.4418691979637738E-01  4.7265437451445014E-04
  9.1348765395721347E+00  2.5558176878909139E-01 -1.6250546066648802E+01 -1.2725449065210168E-01 -7.9319552915684891E-02 -2.9227688340087299E-01
 -2.6888181465547834E-03  2.1445689143117894E+00  2.1816431438594325E-02 -4.6879121017618584E+00 -6.9746760851962297E-01 -8.5520884610483439E-01
 -2.3484630468134764E+00 -5.2791243717223768E-01  6.8477447974735062E-01  3.7746576725208414E-01 -2.8895767210733829E-02  1.0633313916386816E-02
 -5.7651999365227649E-02  1.1501501271308935E-01 -5.2293332659022515E-02  2.9137296470697249E+00  4.6436206606865799E-01  6.5840970722219491E-02
 -3.7444722513727471E+00  2.2885186624363856E+00  1.8081429913918004E+01 -1.9010157383145900E+00 -4.1795400745988740E+00  5.6252363677611150E-01
  1.3661466054635894E-02 -5.4853531491956264E+00 -4.3976036069822594E-01  4.3510966408154866E-01 -2.4429109194556881E-01 -3.0461404517349461E-01
 -3.4883426597836253E-01  4.9819991295149100E+00  2.1912482862080602E+00  8.0905533237728822E-01  9.7496221674129337E+00 -1.5397451953548364E+00
 -5.2074602959124881E-02 -4.8561978429509578E-01 -4.8723628552228609E-01 -1.5018775002941659E-01  2.7539269943083384E-02 -8.3526868837319468E-02
 -1.1187193387102967E-01 -5.6727687220572376E+00 -2.2293030386659918E-01  2.0445415753660384E-01  3.0243387317131002E-02  4.1334972030202521E-01
 -5.5832103987606319E-01  3.6386146905777056E-01  1.8111429603321602E-01 -4.5154535410222714E+00  1.5451561669936602E+01  3.0280378190300552E+00
 -1.0853388558385666E+01 -1.4563341833464101E+00  7.0213648408277152E+00  5.6910574438198651E+00 -6.3201993394154901E+00 -9.7876163566913235E+00
  7.6551444123392809E+00  4.4466757766013156E+00  9.6500614277610874E-01  2.4913210138569437E+00 -1.8477917300345670E+00  8.2873976106430558E-01
 -1.6243438082522252E-01 -2.8851311647602507E-01  1.3048925462479416E-01 -5.9233139631040892E+00 -3.1338360567422985E+00  4.4436809795917647E+00
 -1.8440002849315373E+00  6.8074988432340806E+00 -6.8772409699373560E-01 -7.6788353224841077E-01  3.2668794008604047E+00 -4.4807186646180863E+00
  1.3080000307169673E-01 -2.5530695992051033E-01 -2.9722047050020235E+00  1.9742737514154474E+00  3.5005920494031959E+00 -1.3046189159086208E+00
 -2.6148355250829232E+00 -4.5300621814566817E+00  7.1870630607266717E-01 -4.8656738083696682E+00  1.5420216485493958E+00  6.7057038196504470E-01
  3.9866416443839396E+00  1.0723288111536069E+01 -3.5045097259978381E-01 -2.5028540884899364E+00 -6.6069617678726678E-01  1.1183835166344207E+00
 -1.2587083646595512E+00  4.0745477549939482E+00 -5.5269150383706178E-01 -7.5089109658224507E-01 -7.6611641657230152E+00 -2.1095767586628114E+01
  4.9306932390318439E+00  1.3501117540053686E+00  4.3376260776476041E+00 -5.9357651451539617E-01  5.0333659087723204E+00  2.4252805814306315E+00
 -2.2754057879571827E+00 -2.0889651961377322E+00 -2.5166120061300981E+00  1.0825449292159743E+00 -1.4974877900128021E+00  3.0434194776398749E-01
  2.1958024978853555E+01
ORDER     4 BLOCK     2
  1.1776677431376319E+01  1.4998287636171245E+01  8.5904512103358002E+00  8.3029587575477208E+00 -2.2160141696177014E+01 -1.9180615804221869E+01
 -6.8642892913165605E+00  1.2282003626579638E+01  1.3992599553671024E+01 -3.6061480350058246E+00  1.2716025300888028E+01  2.9704337110719647E+00
 -5.0247441087018769E+00 -2.7122431254834951E+00 -2.3808939064744674E+00  1.6230492624267525E+00  1.6106307462052698E+00  2.3569402345846333E+00
 -1.9333296241316476E+00  2.7540409932323462E-01  3.4212622965571540E+00  2.0856465459349196E+00 -8.4427541570023712E-01 -3.0469443199959412E+00
  5.0412367823356319E-01  3.8765698549757388E-01 -1.7373923637011873E-01  4.2553911235941327E-01  6.2658917292800098E-01 -1.2800641220370099E+00
 -1.0024240898864409E-01 -2.9870351915075477E-01  1.1472618644615955E+00 -2.6576196339750241E-01 -1.0944536804476253E+00  8.9376977131867985E-02
  4.1859619187441927E-01 -4.2805406265804524E-01  2.4976847946274026E+00 -1.6025043866704851E+00 -6.6822182205477099E-01  9.1039692615787504E-01
  3.0958682141294980E-01  1.1339570147154017E+01 -1.2798726999057952E+00 -4.9427514872884055E+00 -1.9935970793925954E+01  1.6438029062415209E+00
  3.3798343830997060E+00  1.9706823587764744E+00  1.6849935264019134E-01 -2.7955890839831243E-01 -4.9027518479922338E-01  9.0339130704262138E-02
 -4.5683523462017778E-01 -1.1089210044768472E+00  5.7018051071516440E-01  9.7003840418937490E-02 -1.5478994876472512E+00  2.2860088941637532E-02
  6.4328038696167642E+00 -1.2803998799521735E-01 -8.2869543011802516E-01  1.3162904817057391E-01  7.7361008699817116E-02 -9.5035014816425722E-01
 -1.2382152462011426E+00  1.4608475283715919E+01  6.5903107885785284E-01  1.3204265119586029E+00 -6.1976543651503588E+00 -1.7189898346591665E+01
  1.5973676250971682E+00  1.8275600465498583E+00  6.6405709126823522E+00 -1.8547982089624717E+00 -2.8320555194571528E+00  1.4010973398986715E+00
 -1.7453108660499317E-02 -1.7362922444048372E+01 -3.0622877746616171E+00  1.8215173837512193E+01  2.1399094391661921E+00  7.3283592526448640E+00
 -5.6249583219406967E+00 -3.8006783923501857E+00 -1.0776635685094767E+01  2.2551244629058571E+00  3.7865903998492376E+00  7.2903047795798051E+00
 -2.1862236507333623E+00 -1.1247925040561200E+00 -1.1358487543151126E+00  7.2207005820346115E-02  9.4093355584986071E-01  1.1557520689527252E+00
 -2.5515287303784567E-01 -8.1343094922336434E-01 -1.0920720486884024E+00  6.7033110501023241E-01 -4.2596113309702921E-01 -7.7912132176421689E-01
  5.4270828232840129E-01  4.0261410607898881E-02 -4.4374607521384304E+00  3.2520985435788643E+00  5.0082810619800466E-01  2.7438016113461355E-01
  8.1158818394844945E-01  2.4059840750442980E+00 -3.0196736594476006E+00  1.0404590810131900E+00 -1.0463658011516591E+01  1.8789089765937197E+00
  3.9458762457204538E-01  3.4251385098089706E+00  2.2997742354485124E+00  5.6722439851856565E-01  9.0396141853815026E-01 -1.0792153145141137E+00
  2.7372054912814470E+00  2.2813085823115151E+00 -2.5099985965969723E-01 -3.3772495195559000E+00 -4.2944147860168069E+00  2.8565592501857084E+00
  5.2166219909859919E+00  1.2780137631970543E+00 -5.5101349112318765E-01  3.1103078822628960E-01  1.5163117798678092E+00  4.6224881780222771E-01
  3.3797315310175007E+00  7.6201220812821742E+00 -2.4675936286121911E+00 -5.8121373275927324E+00  1.1661505076642080E+00 -7.1591181273480831E-01
  4.9815751313514522E-01 -1.6227265694365243E+00 -1.1299004323038260E+00  1.4548843335646615E+00  1.0852541272949050E+00  2.5584498044165853E+00
 -1.4946787382525435E+00 -1.3229539025230277E+00 -1.0591456127887364E+00 -7.3694940317756608E-01 -1.2034199355749502E+00  2.3043758465798208E+00
  6.0827663320173708E-01  4.3254706812275792E-02 -8.4323498824719423E-01  3.9555643088907227E-01 -8.6520364440266873E-01  6.4988265379415067E-01
  1.5178177462491693E+00 -1.1577184053263649E+01 -6.9503265515434185E+00  8.5298547116989241E+00 -8.1468198755436028E+00  8.5192850242252938E+00
 -1.5297780152292688E+00 -2.5634416609442248E+00  2.9222842585667599E+00  1.0913072881640646E+00 -1.2585590470783383E+00 -1.0894074111233991E+01
 -6.7397754713498674E+00 -1.5908265671876389E+00  4.4982539642207788E+00  8.0544762092043354E-01  9.1973071851966317E+00 -3.3732175657766299E+00
  9.3786051719303143E-01 -3.3941936045127941E-01  4.7275494270192236E-01 -2.2573584870173624E+00  1.0234018473130091E+00 -2.0744810665148727E+00
 -1.9655585624946628E+00  1.2151499304368510E+01  5.0371541024445037E+00 -2.1555660095857029E+01  6.0351395730788431E+00  2.5571399316542074E+01
 -6.6360710162191783E-01  1.0787904096868139E+00 -5.0536991059452543E+00 -1.3117841287859607E+01 -5.8667585752223994E+00  7.0196513876161184E+00
  5.4974154208399302E+00  2.9258797689583163E+00 -3.4368936970456301E+00 -3.4328299358683223E-01  2.6601129334260039E+00 -1.3494662781317302E+01
  3.6598959350228624E-02 -2.9381778624621218E+00  5.7804841452078493E-01  1.3307688028470619E+00 -9.8017012502509644E+00 -1.9960790747544581E+00
  2.3291296795004691E+01  9.6817999486071715E-01 -4.2171982714158002E-01  5.8418325524468816E-03  5.5412455634419133E-01 -3.1650695827207592E-01
  1.5695597329632940E-01  2.4682429256773208E-01  4.4949528312984874E+00 -9.9811665125507687E-01  3.1914802416541752E+00 -9.1438641818233695E+00
  9.1781602076838509E-01 -2.6736920923557004E+00  1.2816650406460843E-03  2.0738679768056681E-01  1.0602936432867041E-01 -3.4686827892242417E-01
  2.5910964296684091E-01 -8.2699734896964125E-02  1.1128347245311421E+01 -1.1355357440637963E+00 -3.7458672486972682E+00 -8.3316561193648186E-01
  6.0271953326945065E+00 -3.0902996560771494E+00  8.7854025062647534E-01 -5.9463392613090207E+00 -4.8479885202993769E+00  1.7141652390362331E+01
 -2.0809617080854927E+00  1.4363413910675446E+01 -2.5102000542862267E+01  1.5270686543625367E+00  9.3450116417156104E-01 -4.2930817963760870E-01
 -5.4165663982252282E-02  7.6591018217977452E-02  2.1412920377522257E-01 -5.2876018713418516E-01 -3.5356346259257494E+00  1.0002134336043937E+00
  2.0293948595617675E-01 -1.2187683913338251E+01  1.3154292491482704E+00 -4.4417216456210680E+00  1.8408614061169963E+01 -8.8549699945474125E-01
  3.9540572163685823E+00  3.9944646461536276E-01 -5.6233808757668957E-01 -9.7119047637458300E-01 -4.6816151664611100E-01  4.2380523314708168E-01
 -1.0773154907832054E-01 -1.8261804268251498E+00 -4.4231490651561312E-01  6.1323789008063812E-01  8.9535067961044525E+00  9.6746949272645932E-01
 -7.0164393315193010E+00 -1.5826620746465478E-01  4.2384846955979449E-01 -7.6720181345622293E-02  2.6354453622341144E-02 -1.0837436710076123E+00
 -5.0271731778557582E-01 -3.3085199226454178E+00 -4.2239337964274757E+00  4.1703274844233809E+00 -1.3246013623065082E+01  3.5414673897804971E+00
 -2.9240081505551236E+00  2.4050230062620145E-01  4.0001798628493795E-01  1.2818315530923885E+00  3.1540537623474818E-01 -3.9982303141871933E-01
  3.3370266579247537E-01  4.7436656560248940E+00  3.0796968943023534E-01 -1.7841199960484982E-01 -3.3196338245908585E-01  4.6304926283055925E-01
 -1.0547371089760009E+00 -3.2520453288470413E-01 -4.4364267482057851E-01 -3.5009715208652703E+00 -3.5896066534900126E+00  9.7358117330602187E+00
  2.4789383203718720E+00 -3.6580279830722234E-01  1.7131429558560118E+00 -5.5727368354805518E-01 -1.9476987813136482E+00  1.3741196894884895E+00
  4.5912807291448354E-01 -9.7436131215203364E-02 -5.7116563557530899E-02  7.0557388857082826E-01  3.5239384215737375E+00 -3.2397696206611698E-01
 -1.8731911247650002E+00  9.2290836979936383E-02  2.5671355791187156E-01  9.1595342956788650E-01 -4.3500418840940203E-01 -1.2338400048442284E+00
 -1.9493001482410444E-01 -3.3639966860621073E-01  1.2627576822371783E-01 -1.1644089723109490E+00  5.4223164068531493E-01 -1.0629788961328039E+01
 -5.9084839659597876E-01 -5.5207894769062786E+00  4.9779719530851813E-01  5.4041627084005994E-01 -3.6873163584015267E-01  1.2515065984497115E-01
  6.8428550127468268E+00 -6.7982273116261996E-02 -2.3777447293433771E-01  6.5450062417762675E-02 -1.4100153518267564E-01  2.7177002421328150E-01
 -4.6658049954235302E+01  3.5499012920957945E+01  4.8716768047591842E+01  7.2749793298567393E+00 -3.2987233052436473E+01  6.6272520784156210E+00
 -4.5792450321198279E+00
ORDER     4 BLOCK     3
  5.7801200159432016E+00  2.6190614641021870E+01 -3.8979087837003896E+00  2.0685632293616321E-01  4.7784637658308240E+00 -1.6041677748824650E+01
  3.8860577929717017E+00 -6.5223026456530970E+00  3.6517750859584912E+00  9.7967803553043655E+00  7.6722652022870166E-02 -7.1328499489005948E+00
 -5.3119899218374445E-01 -1.7651006558422633E+01 -3.6733562173722825E+00  8.8797180073749242E+00  3.1990879708348881E+00  3.2577241007667492E+00
 -7.9456181011081517E-01 -2.1985032348067919E+00 -7.1994620456879863E+00 -2.3164568053154686E+00  4.2692806586949974E+00  6.0365076174791739E+00
  5.3679211275251874E-02  1.8157320795949252E+00 -4.4492527190667563E-01 -9.1624399036399262E-01  1.5217567489463704E+00 -5.0778728803285125E+00
  1.9038035216587967E+00 -1.1158924086220583E+00  5.2660633734715825E+00 -5.5257103870075752E-01 -1.5037301665990137E+00  9.1205970891896970E-01
 -1.2191558110255645E+00  7.1011732284483464E-01 -1.0948601357275629E+00  2.8302454116199538E-01  1.9198480537265401E+00 -1.7313873669743463E+00
 -9.4921441061982315E-01  9.2120750716784467E+00 -5.6373271398971001E+00 -8.7597944264488625E-01 -1.2590822459410198E+01  1.0994937303197529E+00
 -2.4570870311167764E-01  4.8750425193938440E+00 -2.7941508923982119E+00  2.5802185419088506E+00  2.1369323164965226E+00 -1.5281940545555750E+00
  2.2157673323603327E-01  3.2756537011745412E-01  1.5307186547960902E-01  4.0363380740565971E+00 -9.3885480335418414E+00 -1.2440913296425087E+00
  1.0551175281028113E+01 -9.4565292903795961E-01  4.4701742638125691E-01  7.7947108435685530E-01  1.6095403378791653E+00 -7.1870878183049669E-01
 -1.9726598925343712E+00 -1.7504741285817257E+01  2.8587537519490347E+00 -1.8148485876325640E+01  9.2884549902006386E-01  2.6710001395946321E+00
 -7.9026998351365005E+00  1.7318384444584041E+01  1.7897020818785474E+01  4.8449390165667099E+00  8.7834829687828950E+00  6.1121079453526805E+00
  5.0660491118263584E+00 -1.0513533659198808E+01 -6.6974191390216840E+00  1.7588160063357975E+01 -1.3201513679764130E+00 -2.6585061348266215E+00
 -1.6535830032702801E+01 -4.4372022720706159E+00  1.4942967905828808E+00 -2.3611150020880105E+00 -7.5059458613624566E+00 -1.2031231614444231E+01
  3.3492919280376783E+00  7.3965520699617278E+00  9.4241019140810458E+00 -1.4265941818301453E-01  1.3635337618554420E+00 -3.2575133885516143E+00
  3.7018151696400761E+00  8.8341530559320880E-01  3.0875350823616019E+00 -3.8634307084041186E+00 -4.9027894912326642E-01 -7.0255502486210375E-01
  2.9139074782720202E+00 -3.9983282077914253E+00 -4.0833759550219364E+00 -2.9568308478766054E+00  2.7835943688770159E+00  4.3017842731110170E+00
  9.3713421497555391E-02  2.1051531374290436E-01 -4.0627153403405325E-01 -7.6106943488748282E+00  5.9060368914077825E+00  5.0527449944879654E+00
  6.1918144691513914E+00 -3.9588760553697493E+00 -3.3143038886521548E+00  1.4507767953896922E-01 -3.0671941764607952E-01  1.4617844318652298E+00
  8.7378287263783128E-01  2.6266786423365636E+00 -4.5766522884168035E+00 -4.3204273044765120E+00 -2.3674035859515934E+00  3.5653543750355072E+00
  2.7005291465676442E+00 -1.5216601713218683E+00 -7.6383346170774649E-02 -5.1601565041722486E-01  2.3785994887923126E-01 -1.9417277724246526E-01
  7.2763089606637787E-01  2.8053954237256367E+00  5.8591798763035374E+00 -1.1221690703811853E+00 -2.4112395250293890E+00 -3.8458247622938613E+00
  2.4325532429250130E-01  1.0482013226875508E-02  7.6929397604810879E-01 -5.1633267174956321E-01  7.2452451869543189E-01 -1.0331398296272520E+00
 -1.1255489290372993E+00  3.1181085400868631E+00  1.5722973321968685E+00 -3.3860231850365339E+00 -2.1248856710679389E+00 -1.5678856390700897E+00
  5.0570561733368968E-01  4.9852310569679631E-01 -6.5833641846851199E-01  1.4090855934459998E+00 -2.4512126986011537E-01 -7.7424778623293444E-01
  2.2374515724245705E+00  3.5374472866977107E+00  8.6021350270221433E+00  4.4881117460099196E+00 -3.6926535131453244E+00 -6.6294090859397432E+00
 -3.8387583261401015E+00  1.3824170268507316E+00  1.8662949515709486E+00  1.0044605885338185E+00 -8.8606374390792919E-01  2.4956438291228061E-01
 -1.5577754975546820E-01 -1.2269214114173208E+00 -2.0375075863004146E+00  1.5651805879408920E-01  7.2924000480662876E+00 -1.7411385316736450E+01
 -3.2099569454627891E-01 -5.5195714494375077E+00  1.8522962726355630E+01  2.6852062836595048E+00  1.1523516776537137E+00 -9.4614414568663041E-01
 -9.8764205064097677E-01 -1.8193972405120082E-01 -2.2628094165211948E-01 -4.9929587805391734E-01 -1.9877850289852887E+00  3.2722713791181026E+00
 -5.5033549607669938E+00 -4.3359469500925457E-01 -3.9658779161718667E+00 -1.3397179616451382E+00 -1.3402136358070683E+01 -4.8429639217445972E+00
  2.8081177604633201E+00  1.8916380461698726E+01  1.0061164236269898E+01  4.0004936635361128E+00  6.2947174586955263E+00 -9.2200679379233119E-01
 -4.1823405931209514E+00 -1.1487926075618073E+00 -8.1937397964566863E+00  5.8465944647659844E+00 -9.1102097340925148E-01  3.5894916121526506E+01
 -1.0003518908621201E+01 -2.4544832532026014E+01  2.0516485093095582E+01  8.6111507403365515E+00  1.7342095065967271E+01 -2.5547280231824075E+01
  3.5219932288038627E+00 -8.7821012283187816E+00  4.5764355261708056E+00  4.0857114366893466E-01  6.0742691482819051E+00  1.0520615566499332E+00
 -6.9335034426367992E-01 -5.0842453747755005E+00  1.0809907169937876E+00  7.4563829286204564E-01 -7.4637318585973289E-01 -4.9574774347252618E-02
  3.8689929144501850E-01 -3.9528083259142571E-01 -5.6323940165749875E-01  1.4990176312223420E+00 -4.0492589311142462E+00  8.1478682786979351E-01
 -1.5238758388677316E+00 -6.6497274645708160E+00 -1.1590319109552123E+00  1.5393115722915218E+00  8.4198212593773079E+00  4.7755118912651922E+00
  9.8934522461318897E-01 -5.5780113171284231E+00 -2.4902536687772470E+00  5.7956457297976600E+00  2.3508438818472852E-01 -1.7286572393498651E+00
  1.7879314941063875E+00  6.1685118590783916E-01  2.9895306155434214E+00 -1.4502992466021880E+00  5.4830285594102468E-02  1.7596404634842828E+00
  6.1669647068804236E+00 -1.3662265285248795E+01 -2.8822327951433202E+00 -7.0071562813805532E-01  2.2543590250210839E+00 -2.1269134479555345E+00
  3.0991228807232645E+01  7.3693522496951547E-01 -2.3476812589731104E+01  4.7305805068864277E+00  1.7555044565680682E+01 -1.9210007948941179E+00
  5.9146717004590010E-01 -1.1391078867010435E+01  7.4263561185196316E+00 -4.6687281462643924E+00  2.3084923515215838E+01 -1.3304302844145491E+01
  3.7818905879624971E+00 -1.8201598930340971E+01  8.2146146857026210E+00 -1.4207546149032071E+00  1.2519061150142075E+00  6.6341012476884504E+00
 -6.3733163324715369E-01  2.0103949753664745E+00 -1.0570514655188146E+00  1.7478048732684690E+00 -4.3039702804693638E+00 -1.1883247187996293E+00
 -3.2406276660152622E-01  1.3801834134013859E+01  1.4930941628085233E+01 -3.5086297490136227E+00  5.1966530355634806E+00  1.0517454960723502E+00
 -1.1952082752112885E+00  5.6067236548334121E+00 -4.8997490965131734E+00  1.7252615946665095E+01 -7.5092689035548688E+00  2.1962000368768873E+01
 -7.6167570767983650E-01  2.3942442365679330E+01  2.8185412224229336E-02 -3.0189300473371052E+01  1.6387245555478597E+01 -1.8992160137062168E+01
 -1.2745291491874601E+01 -1.3187358463178436E+01  5.5357278852693357E+00  3.6127632710444686E+01  1.6402658805294745E+01 -6.6010226372523773E-01
 -2.0835433204064554E+01 -2.4536521027722231E+00  3.9933586822048468E+01  2.1209763560299901E+00 -8.5352056950338522E+00 -2.9506469139089639E+01
  1.0430804886347815E+00  3.3659155155350318E-01  3.1569711213205034E+00  2.9130594538883731E-01 -3.2005739275355403E+00 -8.0566260206819484E-01
  3.3260325719443734E-01 -5.5313610344196631E+00  6.5149477270716973E+00 -5.7767182601730083E+00  5.4064799764001492E+00 -4.7086239687439839E+00
  5.2943089375585695E-01 -3.3864572272611282E+00  1.1962748775917671E+01  7.0954891549594862E-02  2.8224543851353738E+00 -9.5644191131568022E+00
 -1.8415214177945910E-01  2.8187884304073201E+00 -1.5793086332208346E+00 -2.6734360716139522E+00 -2.1857920678127432E+00 -1.4829925085324347E-01
  5.4249243796632585E-01  9.8957819078967546E+00 -5.2640571046477831E+00 -4.7315678843550435E+00  4.5258576443247760E+00  2.2103242941838822E-01
 -5.9502100097539126E+00  4.6168535849172843E-01 -1.9036683489846629E+00 -2.8901210728435585E+00  1.0807111736416795E+00  4.6341175242047949E+00
  2.0354336441124827E+00  2.6112537293544094E+00 -5.8358390576989363E+00 -1.9369272032971983E+00  3.3103806612503144E+00  3.7229096240420474E+00
  8.2145610105804234E-01 -1.8637336001161224E+00 -2.4619754006880593E-01  2.0568921587288860E+00 -5.4105764371104375E+00 -2.6947701536935980E+00
 -1.1587256240729267E+00 -8.3114934261697009E+00  8.9597759019128169E+00 -1.7822426054306979E+00  6.3178603035765120E+00 -9.0691532753197119E+00
 -3.1981323042236838E+00  1.3720434336863820E+00 -4.3745082549433913E+00  3.1068050745803966E+00 -1.3130593127738892E+00  2.1889802524252553E+00
 -1.8244556039114603E+00 -8.4223177852283515E-01 -4.1852158216764535E+00  7.0680143985193826E+00  1.4599114273177556E+00 -4.2226043499570958E+00
  1.3201685677333413E-01  8.9064246985617779E-01  1.3680466015768589E+00  6.0151614062849856E-01  2.7462722738181125E+00  1.7460214242222389E+00
  6.6749571244393895E+00  7.1341523335093360E+00  9.6736906758280039E+00  4.5618403871833344E+00  9.4663235098029996E-01 -4.6969043313611563E+00
  3.8818992696449617E+00  4.5761746125339071E+00 -2.3939638475205585E+00 -2.5055699284066590E+00 -2.6383430776855756E+00  2.3248388264085129E+00
  5.5920489164573173E+00 -1.6104938172015102E+00 -6.3232572556933297E-01  8.6017088531382875E+00 -5.6902582594249829E+00  1.3571000247433013E-01
  1.0344958200868298E+01  1.6880069888440861E+01 -1.4019842249743633E+01  1.2681462695743935E+01  4.6961069022551145E+00  5.0133587799488488E-01
 -4.8681768875316953E+00  5.7906904099858292E-01  1.1519035533887310E+01  1.1389577979534630E+01  5.9690209116054782E-01  1.1488842020710331E+01
 -2.1689347001152770E+00 -7.9032220861034128E+00  1.8317363331827341E+01  2.4507866944082659E+00 -1.7122076021790026E+01  2.3405289498384603E+00
 -5.1727958118019295E+00  1.3063428399876667E+01  6.3882693766041243E-01 -4.4645046175221790E+00 -5.9888326949949251E+00  1.6987667104698800E+00
  2.2408592897125392E+00  1.3881331823104532E+00  2.9211587324925463E+00 -1.1135061340679784E+00 -2.3322284730090450E+00  2.2228090998558350E-01
 -1.0443657153016328E-01 -1.7220848880598358E-01 -2.8640865938164359E+00  2.4897953690219405E+00 -1.3483111191886046E-01  5.0592591589674085E-01
 -1.0840823097210119E+01 -2.2287872726825366E+00 -1.9828751125908410E+00  8.2095390186215536E+00  1.8800030084767936E+00  5.6831280086425695E-01
  6.0562345005361541E-02 -1.0027796273603210E-02 -8.8496753727666313E+00  1.7083520483783339E+00  1.0528684092723903E+00  7.0427018812790090E+00
 -1.3760385925426579E+00 -5.4306269590672185E-01  9.6952620397713934E-02  2.9986039423216659E-01 -5.2300542295694280E-02 -6.8095068918632204E+00
  3.6691297730642242E-01  1.7636450084071498E+00  1.5692314430228260E+01 -1.5290134216212581E-01 -1.0960460061868549E+00 -3.5284449042301036E-01
 -1.6823747664980470E-02  2.8650020018652824E-02  1.7482306771928702E-01  7.2664033665954033E+00 -5.5727906305509067E-01 -1.2208663185073410E+00
 -1.1296259701468164E+01  4.3468589154779308E-01  7.1832918988707883E-01 -1.3675995959674340E-02  6.4359077369995160E-02  1.3679420941753345E-01
 -5.2540327670639311E-03 -3.2785407513045284E-01 -2.3871133111256491E+00  2.0073427632350986E+00  1.2208741391990807E+00  4.3696934435581820E+00
 -1.4761547628493719E+00 -9.0181105700049491E-01 -1.9091564782978004E-02  2.3885388093965018E-01 -3.6950489390457053E-01  8.7311308251282263E-02
  8.6572735860194983E-02  1.8259973233643693E-02 -1.7263942461126351E+00 -1.1860521752581420E+01 -1.5639435721470270E+00 -2.0344023826487470E+00
  6.4884233144163090E+00 -3.6884894844300564E-01  1.5212481691889725E+00  1.3520078607343433E+00  2.8540261593688299E+00 -1.2266852737191707E+00
  8.4343971470045354E-02 -1.0190587694993292E-01 -1.5131834636529256E+00  1.7574036991660986E+00  8.3490127703244710E+00  1.0677428000062836E+00
 -7.3138698590633009E+00 -3.0618003342501496E+00 -1.0345572771886717E+00  6.8274905943598863E-01 -3.1344454068899318E-02 -9.9761990943406154E-01
 -1.5859263483497552E-01  2.5486591620102789E-01 -2.0847372513783813E-01  1.9560007674186584E+00 -2.8239238498800825E+00  1.2976421903405879E+00
  2.4880293859187113E+00  7.8387633751245431E+00 -5.1071935917791986E+00 -2.0430097148418356E+00 -1.0250392137077590E+01 -4.3905481303117883E-01
  1.1416367831442080E-01 -9.0888456939935205E-02 -2.6504762661087380E-02  1.9013442704996057E-02 -5.4590170794637558E-02  2.2130860606888647E+00
 -3.4980163034195005E-01 -7.6673271815584121E-01  5.2292950404728700E-01 -1.2687694583991695E+01 -2.2540746027988540E+01  3.1764985359982862E+00
 -5.8036583987820842E+00  1.7132432792579834E+01  4.6328596718929917E+00  1.0824635400760931E+01  8.9737850797411856E+00 -4.3078840930954767E+00
 -1.3107120612656036E+01 -9.3797977520743441E+00 -3.6262633502209690E-01 -4.6931504320187156E-01  1.8651580003724471E+00 -1.6434301372037783E+00
  6.4587045828910536E+00 -2.2234552668859338E+00  1.4429604304533399E+00  7.9403041445107359E-01 -8.5045960616592220E-01  2.8278247370436036E+00
 -7.0934068276929008E-01 -6.4739362995919052E+00  4.9650199865894468E-01  2.1436015273666886E-01 -3.7746183019799068E-02 -8.9271656089947538E-01
  9.3460354353426811E-01 -8.3945659399095443E-02  7.2811754774680285E-02 -6.0367430953682288E-01  7.5342942240853084E-01  9.7053795827989942E-01
  4.4997137659559722E-01 -9.6961724501847024E-01 -7.6200270646098955E-01 -1.2558809993938578E-02 -2.3784074036502961E-01 -9.7521730099718262E-02
 -8.8825931146909745E-02  2.2024574135428995E-01 -1.7970310305375853E-01 -7.2080969807772357E+00 -4.5004978892261188E-01  2.6169678711739155E+00
  9.2897119921660565E-01 -2.4792456790202655E+00  9.9180633044770561E-01  1.2793216824830722E-01  2.4302196452624441E+00  1.5376004837811257E+00
  1.1597974419400442E+01 -7.8306648920681265E-01 -2.8502424235798607E+00 -1.1771835833792030E+01  9.7499737104478956E-01 -9.5186503423555402E-01
  1.0313236307936360E+00  2.9685901710295637E-01  2.8301432041536084E-01 -4.7297666210773959E-01 -1.9157389854771698E-02  7.0854418484960535E-01
 -1.7580799449223343E+00 -3.9475602007537736E-01 -3.2261754998547785E+00 -8.9139054004699432E+00  6.0083653395328334E+00 -1.1877510026465963E+01
  1.9551925282181120E+01  6.2016732732393107E+00  2.4789240464798121E+00  1.7676246972648741E+01  9.2294226235625469E+00 -2.4448504353091240E+00
 -1.9484205352601686E-01  1.0064167970175635E+01 -1.4210859661735604E+01 -5.9599319635712149E+00 -1.0754248027973178E+01 -3.9865009109164351E+00
 -1.2992237017601047E+01  5.1812409423495405E+00  1.2883039322442361E+01  9.6852190245250345E+00 -5.0820790500529367E-01 -5.3154089362302139E+00
 -1.2497797407626154E+01 -2.6384811753230779E+00  5.1777139624132795E+00  1.3136479552328652E+01 -1.0977308074361345E+00  5.4976138558118466E+00
  1.4897559776756225E+01 -3.9221277833194765E+00  6.9921938791362459E-01 -3.2212008501602597E+01  4.1340609034730269E+00  1.2740397161605848E+00
  1.3888284663668136E+00  9.8437845065171403E-01  2.7696777107240212E+01 -8.7767089875021895E+00  2.8880441292419330E+00 -5.3863940381277082E+01
  6.0530620739445968E+00  3.8273790412298413E-02  1.0141554345159420E+00 -1.8575350753057804E+00  2.0195278976578146E-01  2.1709534697037984E+00
 -2.7773704151064535E+00 -4.4643355535109110E+00  2.9306164337433409E+00  2.0474782298083918E+00  3.6385179928134717E+00 -9.1093934295272783E-01
  4.0096307384131014E-01 -1.8216959360967697E-01 -3.4072865341231456E-01 -2.0590434319664919E+00  1.9014054983719815E+00 -1.3550370236645666E+00
 -2.1303366217331074E+00 -1.3014180181106978E+00  1.4683784627111163E-01  1.1291469806857735E-01  2.0812115878367152E-01  1.2627135618932246E+00
 -2.6422704851571058E-02 -2.8436008743137172E-02 -1.5280787028218783E+00 -1.9304598030165614E+00 -1.0348196759084682E+00  9.3323855608425816E+00
  1.5421028573140483E+00  1.6476085852136348E+00  1.3177642123201705E-01  6.7783006549008940E-01 -2.4679667722010007E-01 -2.0861757143281270E-01
  2.1676554350341187E-02  7.0770822003696032E-01 -6.6228854185284192E+00  1.1036220464600964E+01  1.8116550455396085E+00  1.3739791058511535E+00
 -1.0587006075234831E+01 -2.2091540634066886E+00  2.8571268331171593E+00  4.8148249595065273E+00  2.9681802025683837E+00 -2.2917060758151675E+00
  1.9381650792144134E+00 -3.0355855646253280E+00  6.2902634699244215E+00  7.5141620632924244E-01 -1.3551432044703125E+01 -4.9563128458796237E+00
 -1.0758544254966052E+01  1.6098245759906199E+01  3.9876904706306098E+00  5.0963305926579172E-01  2.6382993648189195E+00  1.3762958493100077E+00
  2.9170621757634724E-01 -6.7053590678858840E-02  1.8182543688072439E-01  1.1811317734880973E+00 -5.9295238764662128E-01 -9.1312384694818007E+00
 -3.6562965089842550E+00 -1.6602136093888280E+01  1.7276628588303311E+01  3.8175431612247284E+00  2.2015753039746944E+01 -3.6051660402839163E+00
  1.9761470653580393E-01  1.1467393863594382E+00  1.0710828535292707E+00 -1.3691061061095087E-03  4.8938585488086095E-01 -1.9366113195368602E+00
  1.0496886823668958E+00  3.1712446010049467E-01  9.3187190728004605E+00  6.5702477744387267E+00 -8.2685647579931310E-01  5.1273024601380852E+00
 -6.5517574570774171E+00  2.8745362586921268E+00  1.9498824377890189E+00 -2.9182626368482030E+00  1.4496428924552212E+00  1.3431915212989716E+00
 -1.0136855198344674E+00 -9.8178089952606185E-01 -1.5598984181288442E+00 -2.3693132198790741E+00  3.7889802416712479E+00 -3.9481380369760377E-01
  5.7194070660570775E+00  4.7997972831633779E+00 -5.5937280265535438E+00 -4.9523214374411237E+00 -3.4861579516245680E+00  2.1186431506232188E+00
  5.4939814999615511E-01 -1.2490088487632487E+00  2.8877028055604343E-02 -2.7997046858340624E-01 -9.2015780214087639E-01 -4.0938517084057602E-02
 -1.8916140380233673E+00  1.7332320018359032E-01  6.8921599628844952E+00 -2.7458589798861586E+00  2.9070122585224771E+00  6.3982031973370601E+00
  2.3549845315608318E+00 -3.9346310986878725E+00 -5.6872901486541549E-01  1.8218218567110540E+00  7.2080881902638083E-01 -2.2076926584978740E-01
 -2.0782947653350228E-01  1.3051316769268656E-01 -2.3353132355693771E+00  2.9514015263839594E-01 -1.8685346009787940E+00  2.9213515587929739E-01
 -1.3160229850711147E+00  2.1405344415392685E-01  2.4209956081877557E+00 -1.3501847954558854E+00 -8.3416242574519561E-01 -1.8755000178216640E+01
  1.4306708438727551E+00 -9.0779674051516068E-01 -2.1670407445030834E-02 -8.7891976085625256E-01  2.3505285014237338E+00 -2.8108565679398601E-01
  2.8413588279251307E+00 -3.2439995736071037E-02 -1.1582393660305701E+01 -2.4795927753040110E+00  1.3385812732557290E+00 -2.8860960870045895E+00
  9.7409487520245097E+00  1.7143145514186553E-01  4.4094220178156407E+00 -3.1790208125214858E-01  1.1471024280297799E-01 -2.6026694102016372E+00
  4.2281816982397136E-01 -4.8659574437351285E+00 -3.8926856668148907E-01 -1.9779632467215578E+00  1.6254345383111264E+00  1.3132877497897415E+00
 -4.4014096968981269E+00 -1.1547682077520658E+01  2.0188122096586478E+00 -2.4057816848817183E+01 -5.5526730454822202E+00  1.1965076154284892E+01
 -4.4126545735000091E+00  1.3861008572967277E+01 -8.3453237363626069E+00  3.5537096498933671E+01 -1.1029457978888011E+01  6.2015830033240205E+00
 -2.2850093875920020E+01  1.5011672415871129E+00 -1.3636418824841821E+00  5.9429372391446842E+00  5.8469218870964204E+00 -5.1749333371383288E-01
 -4.8952311526804833E+00 -2.0504455156915919E+00  3.2617163739606719E-01  2.5107637784982009E+00 -1.2497435463525274E+01 -1.8403936861675135E-01
  6.9638371606955207E+00 -2.1455431732519728E-01  2.8237862099691236E-01 -1.0534438742084780E+00  7.2044385301665875E-02  6.0773080630372855E-01
  4.7262473844184666E-01  8.2062355674731791E+00  3.7250670080034459E-01 -6.7673587602636431E-01 -9.7957314453985891E+00  9.3579891857147435E-01
  7.2578370471557052E-01 -3.1192478177256002E+00 -1.2373658304297641E+00 -5.2508475853945502E-01 -4.3532286027723799E-01 -3.0902696850696177E-02
  1.3058997473530534E-02  5.1928212496111144E+00 -1.9641352732864208E+00 -1.0159994030319703E+00  2.6964343819244951E+00 -1.1924811456783295E+00
 -2.9990199966177746E+00  2.2272262597219769E-01  3.8278060160985672E+00  3.5606035187410341E+00 -3.2552593818442915E+01  5.0094377172498179E+00
 -5.1373412265171519E+00  3.7273736310066560E+01 -5.2021803750733655E+00  1.2010658003660593E+00 -2.2825795478329720E+00  1.7581533545499710E+00
 -2.1911703768777083E-01  5.3652530188490499E-01  1.2787602428746711E-01  8.4297003074565724E-01  2.2385787946444733E+00 -2.3528691901964210E-01
 -7.3096592891307468E+00 -4.6997264492077191E+00  2.1297734480461914E+00  1.2510564156583715E+01  3.8348379800951200E+00 -1.1519304388152003E+00
  1.1746823052166762E-01 -1.2880862226161431E+00  1.0111739979264003E+00 -2.6768925207600419E-01  1.2327799094787668E+00  1.1740167541759252E+00
 -4.2713449333416937E+00  3.5370037129340193E-01 -3.8465496229996998E-01 -7.9649628171443432E-01  1.2100433322063100E+01  8.1041209704898023E+00
 -4.7684744392821417E+00 -3.3362328975336064E-01  1.3645887104601792E-01  6.5731339120651133E-01 -4.6654879025687901E+00  5.5717416194401070E-01
  2.9624308097414578E+00  1.1205927774627186E+01  2.2618612581746702E+00  7.0586877870562121E+00 -7.5632493610760161E+00 -1.9059641238349614E+00
  4.6077712610625650E+00 -4.6677034583498305E+00  7.7108889243204426E-01  8.4061157060106340E-01  1.1076436148781319E+00  1.5774383168352865E-01
 -2.1025597054033978E+00 -1.2519367578938789E+00 -1.3646996489483012E+00  1.8294807636785828E+00  6.0217492924150475E+00 -1.4394918576834508E+00
  2.6457489443646383E+00 -2.7671626793008626E+00  5.7425381537499716E+00 -1.2079721359226783E+01 -9.5163279099302542E+00  6.1205534725599202E+00
  1.0523897744050412E+01 -6.3953191316533946E+00  4.5786535188737298E-01  1.8754069342581963E+00  3.4667534091233940E+00 -6.2023496371936622E+00
 -1.7157118102838675E+00 -1.4676325330485644E+00 -6.9795294968260153E+00 -2.9359945628329185E+00  1.6954601391466375E+00 -1.1298986983354745E-01
 -2.4036102489082736E-01 -2.8972752271454367E+00  4.2391249534021140E+00 -7.4934915679501390E-01  7.4103307990006497E+00 -1.6290475469137504E+00
  1.4816979768706457E+00  5.0751034969536706E+00  3.5496786300736192E+00 -7.8890594544985293E-01  6.7643230209246488E+00 -5.1668516305177359E-01
 -8.9231482816284053E+00  8.3182198689914202E+00  2.2180063309708435E+00  6.5103882330962302E+00  3.9144441024058485E-01  1.5747985516835568E+00
 -3.2945444895518405E+00  2.7993608354920832E-02 -1.9991739073776702E+00  4.9014386696054200E-02 -2.5401595553092371E-01  3.6929248310786728E-01
 -6.7080561030308206E-01  6.3874193160291937E-01 -4.9246816978785149E-02 -3.3130774436955668E-02  5.1519900449544798E+00  1.7715311052905283E+00
 -1.7012512934767612E-01  9.0421698140773188E+00 -1.4468804580168337E+00  1.3436985904644358E-01 -5.9747779541998629E-05  1.0427146068855642E-01
 -4.2651367444992885E-02  3.1541938928394200E-02  2.1650200413984948E-02 -1.9346997919094458E-02 -1.9463280080924328E+00 -2.6552595928179432E+00
 -2.8723276282461416E+00 -4.9846541807247711E+00 -6.6230902698363305E+00  3.1132963740880335E+00 -5.7359263141321417E+00  1.3624798447208869E+01
  3.7468587881176454E+00  3.1464846739790762E+00  2.8239809060798877E+00  6.7969085324627354E+00 -8.5168203599560510E-01 -2.7544737692070553E+00
 -6.6164877852011117E-01  1.3650573031938245E+00 -1.6751999352579142E-01  1.5847631904140222E-01 -4.7573113568614350E-01  2.0764130396108910E-01
 -4.2555041627965196E+00 -1.6441121061607238E+00 -5.6880237972631120E-01 -5.8054640268867630E-01 -5.7707572744858826E+00  9.8182205078202056E-01
  1.1074212193292248E+00  3.3167493508452091E+00 -1.2694838450705741E+00  3.4042649590369589E-01 -1.1729599992305395E+00  1.9886623416434601E+00
  1.1990150799696186E+00 -8.2870340753137839E-01  1.1928826833081563E-01  8.6754217645492426E-01  3.3184500422514557E-01 -8.8469108721447268E-02
 -1.2437529549605462E+00  3.5121384899977615E-01 -1.4760971846085444E+00  1.9465351548496497E-02 -7.4704430894474472E-01 -3.1256425263147242E-01
  9.6319860619446376E-02  9.3031668606050510E-01  3.4721615768214698E-01  3.1747075182706508E-01  1.4372023083164418E+01  3.0078294619417929E+00
  9.4781223599752107E-02 -1.1329050109551725E+01 -1.4572030897845918E+00 -1.7589546608325852E+00 -2.5529969625360460E-01 -4.0415242740690500E+00
 -2.3961543511745387E-01  2.2202908054799575E-01 -2.1263625364409108E-01 -7.6097257361346288E-02 -2.3731845138177614E+00  4.8297483003457048E-01
 -2.5954007957803121E-01 -1.6025587810883237E+00  2.6838151910756021E+00  2.2860254050149313E+00  2.0062972764026563E+00  1.1851373038503037E+00
 -3.9944171733975189E+00  1.6492557678717015E+00  4.5325144508114397E+00  2.7469232848007605E+00 -1.6469835933101633E+00 -1.8524535029832007E-02
 -1.6132210526599668E+00  5.0509249989500982E-01 -2.1213435992430818E+00 -8.3148522539557179E-01  1.1403865251458072E+00  1.5726939831837710E+00
 -1.2877763687128786E+01  4.4296365331436732E-01 -2.4164803510838911E-01 -2.7396385176813560E+01 -7.6113961836260797E+00 -2.9335016988429574E+00
  6.4338109864495436E+00 -5.1502696603413929E+00 -4.1141481689830757E+00  3.7771208356906516E-01 -5.3601367623063434E-01 -4.4241597688783090E+00
  1.3725897208142819E+00 -5.5584887955190627E+00 -1.3679118070591028E+00  6.3918659358838879E+00  8.2334533588825842E-01 -6.5316137757313719E-01
 -4.9397028676318140E+00 -5.3268057608237260E+00  1.0459738416987090E+00  3.3962751532214956E+00  1.2732774579945241E+01 -9.9162003327976245E-01
  9.7098926441684483E-02 -8.6615495011076002E-02 -6.8353312641490194E-01  2.9053216926765377E+00 -2.4476989992741274E+00 -2.3186996148164279E-01
 -8.2588043058255174E+00  7.8804556843490889E+00  2.8194595995442957E-02 -3.9766683817644322E-01 -6.1570743207945158E-02 -8.4009527512791365E-02
 -1.0775614897633319E-01  1.5243300229508536E-03  1.5861197309896606E+00 -7.5212188483933273E+00  6.3734147981186304E-02  9.8173913407577279E-02
  1.7887639952561585E-01 -4.9529733614063360E+00  1.3820323428706112E+00 -2.2127152052531716E+00  7.5214464978738449E-01  3.2788397361060899E+00
  1.8166779596062381E+00 -2.0868217866469965E+00  1.4244613848997929E+00 -2.1975237104608514E+00  1.6755302215108892E+00 -1.5630984057823925E+00
  1.9838105869602809E+00 -3.1554507034031873E+00 -9.0333157481998727E-01 -2.2028824343223841E-01 -1.0003063086248822E+01  3.1472953547504989E+00
  1.1877991550251370E+01 -3.9135883296540230E-01  4.0264472913568555E-01  8.4184726443863336E-02 -1.2464313296629532E+00  1.5073931656527588E+00
  1.2870851529993875E+01  2.1236480131202679E-01 -7.1570416001643178E+00 -2.0603474918676817E-01 -2.9117410356210099E-01 -8.2954432263538158E-01
  1.1180194544022018E-01 -1.8696637462533081E+00  5.2766967115009666E-01  6.2946860193908964E+00 -7.0993958634615134E-02  1.2634375681893497E+00
 -1.1905846930472368E+01 -1.1182008232132707E+01 -1.2861721346432746E+00 -2.2210759104770308E-01 -1.8893742622581175E-01  8.4324453427296320E-01
 -4.1069214942222326E-01  2.6778659444522979E-01 -2.9489397182635796E-01  1.8982341011247095E+00  3.8681665373516627E+00 -6.2500668821165117E-01
 -2.2719263489178565E+00 -1.1380457252770744E+00  1.6220660089686639E+01  9.6284255767821025E-01  4.2659481822950918E+00  1.0462463817879066E+00
  8.1538889732236719E-02 -4.9552892473662649E+00  4.3604238576931359E-01 -1.1636204351592141E+00 -3.7087100953774627E-01  2.7746489309031941E+00
 -3.2502234382182880E+00  5.6837400710841788E+00 -1.6986257152628932E+00  2.7359252244442533E+01  1.0074575962051878E+01  2.0362738731086987E+00
  6.6790607350981246E-01 -3.3363539779634168E+00  1.4766806754125323E+00  4.1089218608579797E-01 -2.4071049646096274E-01 -8.3931825127485205E-02
 -9.5628597409175420E+00 -5.9467262934817304E+00  2.9921524315439646E-01  4.6992870009804655E-01  3.0213839763603429E+00 -1.5184874550353613E+00
 -6.9216531913301571E-01  3.5054642158055010E-02 -2.7051876934304353E-01  9.8299987467418646E+00  1.1849763042043461E+01 -3.5544084798081461E+00
 -1.6665503514005142E+01 -4.6016409712150210E+00  1.0270870806391914E+01  2.3106372324875069E+00  3.9660158618140029E+00  3.3490359128181275E+00
 -1.2456838936119208E+00 -6.5982245391903414E+00 -1.0997958652354026E+01  1.6964058476277690E+00 -1.5176738552036377E+00 -2.3633143306016149E+00
  5.9422664031086125E-01 -1.0265924099368020E+00 -3.4336541298301650E+00  1.4014423071430537E+00 -1.0097730854887272E+00  1.0623692645939160E+00
  1.4405932995465638E+00 -3.8781739469538734E-01 -5.8982577766996180E-01 -7.0878852239423207E+00  2.6823744036151942E-01  4.2907484858513447E+00
  1.3873737067896830E+01 -2.5115027706768074E+00 -1.0177603220879368E+01 -3.1633251063036982E+00  7.1599277427812549E+00  2.0883475365359891E+00
  2.5176936105942466E-01  5.7038487380286251E-01 -1.9710914366074427E+01 -1.0368421143431418E+01  1.0737978552455472E+01  8.8158690597088576E+00
  8.0868913125882127E+00  9.9057310554835265E-01 -7.9065219699458289E-01  1.1538598613931192E+00  2.1949085406674067E+00  2.0477723406211199E+00
 -1.0520204284985666E+00 -8.9938215008978357E+00  9.2356020699854779E-01 -6.0754112044786233E+00  1.3068994147583291E+01  2.7277450641586530E+01
 -9.1818314003365522E+00  6.0731790214125594E+00  4.8569449840637474E-01  8.3014754142512290E-02 -1.1299411464023180E+01 -1.6282573355667802E+00
 -4.4526361819749161E+00  5.3738546287858080E-01  1.4902288733523950E+00 -8.5279202497984907E-01 -2.2878154994635551E+00 -3.0554685290576455E-01
 -3.1824966529721394E+01
